0.115384615385
0.0689655172414
0.285714285714
0.238095238095
0.28
0.176470588235
0.176470588235
0.105263157895
0.0588235294118
0.0
0.263157894737
0.294117647059
0.352941176471
0.583333333333
0.363636363636
0.214285714286
0.363636363636
0.277777777778
0.583333333333
0.0526315789474
0.172413793103
0.142857142857
0.0
0.25
0.121212121212
0.230769230769
0.375
0.0909090909091
0.1875
0.176470588235
0.260869565217
0.545454545455
0.304347826087
0.0
0.111111111111
0.304347826087
0.259259259259
0.0434782608696
0.428571428571
0.230769230769
0.2
0.470588235294
0.05
0.428571428571
0.235294117647
0.454545454545
0.047619047619
0.25
0.115384615385
0.444444444444
0.0666666666667
0.222222222222
0.0666666666667
0.363636363636
0.0
0.111111111111
0.111111111111
0.0625
0.1
0.0
0.444444444444
0.0526315789474
0.0
0.44
0.166666666667
0.0357142857143
0.263157894737
0.388888888889
0.0512820512821
0.227272727273
0.230769230769
0.0540540540541
0.0714285714286
0.230769230769
0.266666666667
0.142857142857
0.129032258065
0.0
0.178571428571
0.266666666667
0.533333333333
0.111111111111
0.222222222222
0.214285714286
0.157894736842
0.473684210526
0.1875
0.8
0.230769230769
0.0
0.157894736842
0.2
0.130434782609
0.4375
0.0714285714286
0.214285714286
0.166666666667
0.0416666666667
0.05
0.0909090909091
0.157894736842
0.0588235294118
0.0606060606061
0.428571428571
0.333333333333
0.666666666667
0.025
0.153846153846
0.0714285714286
0.142857142857
0.15
0.0
0.142857142857
0.1
0.318181818182
0.666666666667
0.166666666667
0.153846153846
0.0
0.0
0.5
0.52380952381
0.210526315789
0.107142857143
0.333333333333
0.08
0.0769230769231
0.368421052632
0.0
0.130434782609
0.428571428571
0.0588235294118
0.4
0.2
0.09375
0.027027027027
0.0555555555556
0.2
0.166666666667
0.5
0.318181818182
0.0
0.2
0.0
0.423076923077
0.115384615385
0.615384615385
0.333333333333
0.103448275862
0.0625
0.0555555555556
0.5
0.136363636364
0.909090909091
0.0714285714286
0.5
0.030303030303
0.0526315789474
0.173913043478
0.116279069767
0.0555555555556
0.133333333333
0.384615384615
0.333333333333
0.142857142857
0.125
0.428571428571
0.05
0.375
0.142857142857
0.208333333333
0.6
0.153846153846
0.0
0.333333333333
0.818181818182
0.25
0.166666666667
0.114285714286
0.307692307692
0.181818181818
0.25
0.533333333333
0.666666666667
0.0
0.368421052632
0.111111111111
0.0666666666667
0.0833333333333
0.142857142857
0.0277777777778
0.0833333333333
0.217391304348
0.103448275862
0.0416666666667
0.0555555555556
0.166666666667
0.0909090909091
0.0555555555556
0.285714285714
0.0540540540541
0.0
0.05
0.454545454545
0.307692307692
0.105263157895
0.0
0.642857142857
0.0
0.571428571429
0.0384615384615
0.25
0.227272727273
0.416666666667
0.0
0.111111111111
0.157894736842
0.117647058824
0.0833333333333
0.0
0.269230769231
0.125
0.111111111111
0.538461538462
0.12
0.666666666667
0.0869565217391
0.259259259259
0.238095238095
0.0263157894737
0.0322580645161
0.0
0.3
0.0588235294118
0.0
0.0869565217391
0.5
0.428571428571
0.347826086957
0.230769230769
0.352941176471
0.190476190476
0.0
0.153846153846
0.117647058824
0.666666666667
0.111111111111
0.0952380952381
0.352941176471
0.176470588235
0.0344827586207
0.352941176471
0.25
0.09375
0.181818181818
0.263157894737
0.04
0.142857142857
0.1
0.125
0.125
0.421052631579
0.392857142857
0.133333333333
0.153846153846
0.241379310345
0.533333333333
0.0434782608696
0.3125
0.25
0.0434782608696
0.0212765957447
0.47619047619
0.230769230769
0.32
0.0
0.111111111111
0.172413793103
0.0
0.1875
0.115384615385
0.208333333333
0.111111111111
0.285714285714
0.0
0.411764705882
0.25
0.0
0.190476190476
0.16
0.0714285714286
0.333333333333
0.173913043478
0.228571428571
0.888888888889
0.0588235294118
0.04
0.0
0.0
0.0869565217391
0.0555555555556
0.235294117647
0.0952380952381
0.133333333333
0.2
0.272727272727
0.590909090909
0.037037037037
0.5
0.357142857143
0.0909090909091
0.147058823529
0.8125
0.230769230769
0.222222222222
0.210526315789
0.142857142857
0.166666666667
0.133333333333
0.047619047619
0.136363636364
0.0454545454545
0.142857142857
0.16
0.047619047619
0.0
0.0666666666667
0.0666666666667
0.0
0.181818181818
0.181818181818
0.0
0.04
0.555555555556
0.25
0.047619047619
0.214285714286
0.0909090909091
0.0
0.2
0.8125
0.5
0.137931034483
0.285714285714
0.5
0.0
0.0625
0.0869565217391
0.142857142857
0.166666666667
0.125
0.130434782609
0.111111111111
0.4
0.227272727273
0.125
0.181818181818
0.833333333333
0.0
0.1875
0.166666666667
0.666666666667
0.166666666667
0.133333333333
0.266666666667
0.352941176471
0.0909090909091
0.15
0.0625
0.25
0.461538461538
0.5
0.4375
0.178571428571
0.125
0.0666666666667
0.153846153846
0.0
0.304347826087
0.4
0.4
0.4
0.285714285714
0.0
0.241379310345
0.0909090909091
0.178571428571
0.111111111111
0.6
0.363636363636
0.208333333333
0.105263157895
0.0882352941176
0.333333333333
0.230769230769
0.157894736842
0.307692307692
0.8
0.0
0.181818181818
0.0
0.0
0.333333333333
0.444444444444
0.21875
0.25
0.0
0.12
0.105263157895
0.3
0.321428571429
0.307692307692
0.3
0.173913043478
0.318181818182
0.416666666667
0.0833333333333
0.0
0.0952380952381
0.384615384615
0.0357142857143
0.538461538462
0.136363636364
0.166666666667
0.190476190476
0.142857142857
0.421052631579
0.428571428571
0.0810810810811
0.380952380952
0.129032258065
0.2
0.0714285714286
0.0
0.285714285714
0.263157894737
0.0740740740741
0.05
0.307692307692
0.047619047619
0.363636363636
0.470588235294
0.0714285714286
0.411764705882
0.285714285714
0.5
0.357142857143
0.3
0.266666666667
0.210526315789
0.333333333333
0.375
0.142857142857
0.777777777778
0.0
0.125
0.25
0.153846153846
0.0833333333333
0.125
0.0
0.533333333333
0.304347826087
0.5
0.157894736842
0.0454545454545
0.0571428571429
0.454545454545
0.2
0.105263157895
0.291666666667
0.324324324324
0.666666666667
0.428571428571
0.571428571429
0.173913043478
0.0
0.0
0.5
0.5
0.130434782609
0.172413793103
0.142857142857
0.571428571429
0.285714285714
0.615384615385
0.0
0.142857142857
0.0909090909091
0.115384615385
0.0714285714286
0.454545454545
0.24
0.857142857143
0.0588235294118
0.210526315789
0.875
0.384615384615
0.2
0.103448275862
0.0
0.777777777778
0.833333333333
0.304347826087
0.583333333333
0.181818181818
0.137931034483
0.0588235294118
0.137931034483
0.571428571429
0.125
0.0
0.28
0.3125
0.260869565217
0.4
0.166666666667
0.375
0.25
0.153846153846
0.0
0.0454545454545
0.0384615384615
0.0833333333333
0.125
0.4
0.666666666667
0.153846153846
0.222222222222
0.173913043478
0.307692307692
0.555555555556
0.0714285714286
0.0769230769231
0.363636363636
0.108108108108
0.52380952381
0.136363636364
0.05
0.178571428571
0.2
0.714285714286
0.178571428571
0.190476190476
0.0588235294118
0.166666666667
0.130434782609
0.0625
0.428571428571
0.0
0.214285714286
0.0
0.333333333333
0.157894736842
0.625
0.125
0.181818181818
0.0
0.0714285714286
0.8
0.444444444444
0.571428571429
0.142857142857
0.8
0.0
0.2
0.35
0.307692307692
0.0769230769231
0.153846153846
0.25
0.129032258065
0.133333333333
0.0681818181818
0.166666666667
0.0
0.588235294118
0.1
0.04
0.153846153846
0.235294117647
0.0
0.157894736842
0.0952380952381
0.3
0.0588235294118
0.136363636364
0.0833333333333
0.166666666667
0.142857142857
0.0833333333333
0.0652173913043
0.111111111111
0.206896551724
0.454545454545
0.0416666666667
0.214285714286
0.111111111111
0.3
0.2
0.315789473684
0.0
0.0
0.0869565217391
0.357142857143
0.0666666666667
0.266666666667
0.333333333333
0.6
0.25
0.235294117647
0.304347826087
0.4
0.666666666667
0.0
0.114285714286
0.4
0.0714285714286
0.222222222222
0.178571428571
0.0526315789474
0.391304347826
0.9
0.142857142857
0.315789473684
0.0714285714286
0.235294117647
0.590909090909
0.321428571429
0.181818181818
0.208333333333
0.153846153846
0.25
0.4
0.116279069767
0.047619047619
0.285714285714
0.130434782609
0.166666666667
0.176470588235
0.08
0.125
0.416666666667
0.307692307692
0.428571428571
0.357142857143
0.0
0.388888888889
0.521739130435
0.166666666667
0.0454545454545
0.0
0.030303030303
0.461538461538
0.0714285714286
0.0384615384615
0.0833333333333
0.275862068966
0.277777777778
0.2
0.0
0.4
0.166666666667
0.0
0.222222222222
0.111111111111
0.0833333333333
0.0666666666667
0.636363636364
0.307692307692
0.1
0.222222222222
0.5
0.25
0.4
0.217391304348
0.107142857143
0.0769230769231
0.4
0.0
0.0
0.6
0.15
0.272727272727
0.142857142857
0.166666666667
0.333333333333
0.153846153846
0.125
0.333333333333
0.037037037037
0.230769230769
0.588235294118
0.0555555555556
0.133333333333
0.190476190476
0.176470588235
0.666666666667
0.0
0.2
0.2
0.1
0.129032258065
0.0666666666667
0.208333333333
0.105263157895
0.375
0.75
0.21875
0.0555555555556
0.117647058824
0.285714285714
0.105263157895
0.272727272727
0.0714285714286
0.533333333333
0.666666666667
0.166666666667
0.166666666667
0.08
0.272727272727
0.15
0.0
0.285714285714
0.0
0.0869565217391
0.130434782609
0.03125
0.214285714286
0.129032258065
0.176470588235
0.692307692308
0.117647058824
0.235294117647
0.25
0.1875
0.176470588235
0.214285714286
0.166666666667
0.222222222222
0.2
0.8
0.230769230769
0.125
0.25
0.166666666667
0.52380952381
0.0344827586207
0.142857142857
0.030303030303
0.227272727273
0.333333333333
0.230769230769
0.285714285714
0.208333333333
0.176470588235
0.6
0.272727272727
0.333333333333
0.0909090909091
0.166666666667
0.0769230769231
0.214285714286
0.466666666667
0.666666666667
0.0769230769231
0.285714285714
0.263157894737
0.0
0.285714285714
0.0869565217391
0.16
0.0
0.333333333333
0.0
0.0740740740741
0.166666666667
0.03125
0.0
0.571428571429
0.04
0.0769230769231
0.0357142857143
0.666666666667
0.125
0.075
0.185185185185
0.263157894737
0.227272727273
0.148148148148
0.2
0.1875
0.0909090909091
0.0967741935484
0.0689655172414
0.136363636364
0.136363636364
0.227272727273
0.166666666667
0.0
0.2
0.666666666667
0.05
0.666666666667
0.0645161290323
0.107142857143
0.214285714286
0.0
0.259259259259
0.0
0.0357142857143
0.2
0.0666666666667
0.125
0.0263157894737
0.0714285714286
0.1
0.466666666667
0.333333333333
0.5
0.0769230769231
0.111111111111
0.16
0.128205128205
0.428571428571
0.3
0.157894736842
0.333333333333
0.235294117647
0.3
0.230769230769
0.5
0.272727272727
0.0909090909091
0.142857142857
0.214285714286
0.238095238095
0.0357142857143
0.181818181818
0.0
0.0
0.137931034483
0.0526315789474
0.0769230769231
0.117647058824
0.307692307692
0.0
0.44
0.138888888889
0.0833333333333
0.166666666667
0.0555555555556
0.037037037037
0.263157894737
0.333333333333
0.461538461538
0.025641025641
0.114285714286
0.125
0.0
0.0714285714286
0.05
0.0
0.125
0.0769230769231
0.473684210526
0.157894736842
0.2
0.176470588235
0.0588235294118
0.428571428571
0.08
0.125
0.470588235294
0.0277777777778
0.117647058824
0.190476190476
0.294117647059
0.230769230769
0.8
0.555555555556
0.0833333333333
0.153846153846
0.5
0.157894736842
0.153846153846
0.0666666666667
0.04
0.25
0.269230769231
0.0625
0.155555555556
0.125
0.5
0.4
0.1
0.285714285714
0.16
0.166666666667
0.2
0.0967741935484
0.210526315789
0.272727272727
0.102564102564
0.583333333333
0.0277777777778
0.222222222222
0.444444444444
0.0714285714286
0.210526315789
0.307692307692
0.0555555555556
0.172413793103
0.0588235294118
0.1
0.52380952381
0.157894736842
0.0
0.0714285714286
0.173913043478
0.25
0.0869565217391
0.111111111111
0.0952380952381
0.166666666667
0.0666666666667
0.105263157895
0.0
0.7
0.181818181818
0.266666666667
0.0
0.388888888889
0.333333333333
0.0666666666667
0.153846153846
0.214285714286
0.15
0.0588235294118
0.142857142857
0.25
0.0
0.0434782608696
0.0
0.416666666667
0.0
0.133333333333
0.030303030303
0.0869565217391
0.333333333333
0.0
0.352941176471
0.238095238095
0.357142857143
0.263157894737
0.411764705882
0.111111111111
0.153846153846
0.222222222222
0.214285714286
0.3125
0.0
0.0833333333333
0.0
0.153846153846
0.0833333333333
0.0526315789474
0.0
0.181818181818
0.0434782608696
0.0909090909091
0.571428571429
0.555555555556
0.222222222222
0.0882352941176
0.352941176471
0.538461538462
0.0322580645161
0.0625
0.0833333333333
0.277777777778
0.166666666667
0.0344827586207
0.75
0.0
0.3
0.416666666667
0.0
0.272727272727
0.636363636364
0.0714285714286
0.0588235294118
0.142857142857
0.4
0.3
0.0666666666667
0.04
0.2
0.36
0.2
