0.153846153846
0.0344827586207
0.285714285714
0.142857142857
0.08
0.352941176471
0.294117647059
0.105263157895
0.411764705882
0.0
0.315789473684
0.294117647059
0.352941176471
0.166666666667
0.0909090909091
0.0714285714286
0.363636363636
0.0
0.0833333333333
0.157894736842
0.206896551724
0.428571428571
0.111111111111
0.125
0.0909090909091
0.230769230769
0.5
0.0909090909091
0.25
0.352941176471
0.0434782608696
0.0909090909091
0.217391304348
0.0
0.0
0.0869565217391
0.111111111111
0.0
0.0
0.0769230769231
0.0666666666667
0.0588235294118
0.15
0.285714285714
0.0588235294118
0.272727272727
0.047619047619
0.125
0.115384615385
0.333333333333
0.333333333333
0.222222222222
0.0
0.0
0.0
0.111111111111
0.333333333333
0.3125
0.166666666667
0.030303030303
0.0
0.315789473684
0.0909090909091
0.2
0.0833333333333
0.0357142857143
0.105263157895
0.0
0.025641025641
0.0909090909091
0.0769230769231
0.0540540540541
0.178571428571
0.0769230769231
0.2
0.0952380952381
0.0967741935484
0.0714285714286
0.214285714286
0.0666666666667
0.0666666666667
0.111111111111
0.333333333333
0.0714285714286
0.263157894737
0.157894736842
0.0625
0.3
0.0769230769231
0.115384615385
0.526315789474
0.0666666666667
0.173913043478
0.25
0.107142857143
0.0714285714286
0.125
0.0
0.2
0.272727272727
0.157894736842
0.0588235294118
0.0606060606061
0.0714285714286
0.111111111111
0.0
0.025
0.0
0.107142857143
0.142857142857
0.15
0.0909090909091
0.0952380952381
0.0
0.0454545454545
0.0
0.166666666667
0.0384615384615
0.352941176471
0.0285714285714
0.0
0.285714285714
0.263157894737
0.0714285714286
0.0
0.12
0.0384615384615
0.157894736842
0.121212121212
0.173913043478
0.142857142857
0.0
0.1
0.466666666667
0.0
0.0
0.0555555555556
0.4
0.111111111111
0.25
0.136363636364
0.0
0.2
0.0357142857143
0.269230769231
0.230769230769
0.153846153846
0.0666666666667
0.0689655172414
0.1875
0.166666666667
0.166666666667
0.136363636364
0.363636363636
0.285714285714
0.1
0.0
0.263157894737
0.347826086957
0.046511627907
0.111111111111
0.133333333333
0.153846153846
0.2
0.0
0.25
0.0
0.25
0.25
0.0
0.166666666667
0.6
0.115384615385
0.0869565217391
0.133333333333
0.363636363636
0.25
0.0
0.114285714286
0.153846153846
0.0909090909091
0.0625
0.333333333333
0.111111111111
0.05
0.0526315789474
0.0
0.133333333333
0.125
0.0714285714286
0.0555555555556
0.166666666667
0.0434782608696
0.275862068966
0.0416666666667
0.0
0.333333333333
0.0909090909091
0.166666666667
0.214285714286
0.0540540540541
0.133333333333
0.1
0.454545454545
0.0769230769231
0.263157894737
0.142857142857
0.214285714286
0.25
0.142857142857
0.0384615384615
0.166666666667
0.136363636364
0.0
0.037037037037
0.166666666667
0.0
0.0588235294118
0.0833333333333
0.0
0.153846153846
0.1875
0.333333333333
0.153846153846
0.0
0.333333333333
0.0
0.259259259259
0.238095238095
0.131578947368
0.0645161290323
0.0909090909091
0.1
0.0
0.125
0.130434782609
0.125
0.392857142857
0.0434782608696
0.153846153846
0.176470588235
0.190476190476
0.153846153846
0.115384615385
0.235294117647
0.111111111111
0.333333333333
0.190476190476
0.117647058824
0.294117647059
0.137931034483
0.117647058824
0.333333333333
0.0625
0.181818181818
0.157894736842
0.08
0.107142857143
0.05
0.0
0.5
0.105263157895
0.214285714286
0.133333333333
0.192307692308
0.0689655172414
0.333333333333
0.217391304348
0.375
0.0833333333333
0.260869565217
0.0212765957447
0.142857142857
0.153846153846
0.16
0.2
0.111111111111
0.206896551724
0.125
0.125
0.0769230769231
0.291666666667
0.0
0.0
0.133333333333
0.117647058824
0.375
0.0909090909091
0.142857142857
0.16
0.0714285714286
0.166666666667
0.130434782609
0.142857142857
0.111111111111
0.176470588235
0.32
0.0
0.0869565217391
0.173913043478
0.0555555555556
0.235294117647
0.0
0.0
0.1
0.181818181818
0.318181818182
0.0
0.166666666667
0.0714285714286
0.181818181818
0.117647058824
0.0625
0.0
0.166666666667
0.157894736842
0.190476190476
0.0333333333333
0.333333333333
0.380952380952
0.136363636364
0.136363636364
0.142857142857
0.16
0.047619047619
0.0294117647059
0.133333333333
0.0888888888889
0.0
0.0909090909091
0.0454545454545
0.0
0.0
0.222222222222
0.0
0.238095238095
0.0714285714286
0.0
0.15
0.05
0.375
0.1875
0.0
0.285714285714
0.0
0.0689655172414
0.0625
0.0
0.0357142857143
0.25
0.0
0.0652173913043
0.111111111111
0.333333333333
0.272727272727
0.0
0.0909090909091
0.277777777778
0.0344827586207
0.1875
0.166666666667
0.111111111111
0.222222222222
0.133333333333
0.333333333333
0.0588235294118
0.318181818182
0.15
0.0625
0.0833333333333
0.461538461538
0.375
0.25
0.107142857143
0.0625
0.0888888888889
0.153846153846
0.0555555555556
0.130434782609
0.0
0.2
0.266666666667
0.142857142857
0.16
0.137931034483
0.030303030303
0.0
0.388888888889
0.4
0.0909090909091
0.166666666667
0.0526315789474
0.205882352941
0.0
0.230769230769
0.0526315789474
0.384615384615
0.2
0.0
0.0909090909091
0.0
0.0285714285714
0.166666666667
0.0
0.0625
0.15
0.0
0.12
0.105263157895
0.4
0.214285714286
0.0
0.05
0.130434782609
0.318181818182
0.0833333333333
0.166666666667
0.0555555555556
0.333333333333
0.153846153846
0.142857142857
0.153846153846
0.0454545454545
0.5
0.285714285714
0.0952380952381
0.105263157895
0.0714285714286
0.108108108108
0.190476190476
0.0645161290323
0.0
0.0
0.142857142857
0.428571428571
0.0526315789474
0.037037037037
0.05
0.0769230769231
0.0952380952381
0.181818181818
0.176470588235
0.0714285714286
0.117647058824
0.285714285714
0.25
0.285714285714
0.1
0.0666666666667
0.0526315789474
0.0666666666667
0.125
0.0952380952381
0.111111111111
0.0
0.0
0.0
0.269230769231
0.0833333333333
0.15625
0.0769230769231
0.4
0.0869565217391
0.3
0.210526315789
0.0454545454545
0.171428571429
0.181818181818
0.35
0.0526315789474
0.208333333333
0.0540540540541
0.166666666667
0.0
0.428571428571
0.217391304348
0.0555555555556
0.0
0.111111111111
0.0555555555556
0.217391304348
0.172413793103
0.0
0.714285714286
0.142857142857
0.384615384615
0.133333333333
0.285714285714
0.0909090909091
0.0384615384615
0.25
0.0909090909091
0.12
0.142857142857
0.0588235294118
0.368421052632
0.375
0.230769230769
0.1
0.137931034483
0.0
0.111111111111
0.166666666667
0.0869565217391
0.333333333333
0.0
0.137931034483
0.117647058824
0.0689655172414
0.142857142857
0.0
0.21875
0.2
0.125
0.130434782609
0.2
0.0
0.0625
0.125
0.153846153846
0.1
0.0909090909091
0.0384615384615
0.125
0.1875
0.2
0.333333333333
0.153846153846
0.166666666667
0.0
0.153846153846
0.222222222222
0.047619047619
0.0
0.0909090909091
0.0
0.142857142857
0.136363636364
0.1
0.142857142857
0.2
0.428571428571
0.0714285714286
0.333333333333
0.176470588235
0.0
0.173913043478
0.0
0.285714285714
0.133333333333
0.428571428571
0.0769230769231
0.111111111111
0.157894736842
0.0
0.0416666666667
0.0
0.03125
0.0714285714286
0.4
0.222222222222
0.0
0.0952380952381
0.2
0.0333333333333
0.0
0.1
0.153846153846
0.0769230769231
0.230769230769
0.25
0.0645161290323
0.266666666667
0.181818181818
0.0833333333333
0.0
0.0588235294118
0.0
0.04
0.153846153846
0.294117647059
0.0
0.105263157895
0.190476190476
0.1
0.0
0.0454545454545
0.0277777777778
0.0
0.0
0.104166666667
0.0434782608696
0.111111111111
0.103448275862
0.272727272727
0.291666666667
0.142857142857
0.111111111111
0.25
0.05
0.0526315789474
0.16
0.0857142857143
0.0869565217391
0.0
0.133333333333
0.0
0.333333333333
0.133333333333
0.333333333333
0.0588235294118
0.0869565217391
0.2
0.0
0.5
0.0857142857143
0.1
0.285714285714
0.037037037037
0.0714285714286
0.105263157895
0.347826086957
0.0
0.214285714286
0.0526315789474
0.0714285714286
0.117647058824
0.0
0.25
0.0909090909091
0.208333333333
0.192307692308
0.1
0.466666666667
0.046511627907
0.238095238095
0.285714285714
0.217391304348
0.0833333333333
0.176470588235
0.16
0.0625
0.333333333333
0.0769230769231
0.0714285714286
0.285714285714
0.0555555555556
0.111111111111
0.260869565217
0.166666666667
0.0
0.0625
0.0
0.0769230769231
0.0714285714286
0.192307692308
0.0
0.206896551724
0.222222222222
0.0
0.0
0.0
0.0833333333333
0.217391304348
0.0
0.111111111111
0.125
0.133333333333
0.181818181818
0.0
0.1
0.111111111111
0.166666666667
0.125
0.2
0.173913043478
0.25
0.0769230769231
0.2
0.0
0.08
0.4
0.25
0.0
0.0
0.25
0.133333333333
0.0
0.25
0.0833333333333
0.111111111111
0.230769230769
0.176470588235
0.166666666667
0.333333333333
0.0952380952381
0.176470588235
0.0
0.0
0.1
0.12
0.15
0.0645161290323
0.0666666666667
0.0
0.105263157895
0.125
0.125
0.28125
0.0833333333333
0.0588235294118
0.047619047619
0.157894736842
0.0
0.285714285714
0.266666666667
0.222222222222
0.0833333333333
0.0
0.2
0.409090909091
0.2
0.0
0.0
0.0714285714286
0.130434782609
0.260869565217
0.03125
0.142857142857
0.161290322581
0.176470588235
0.0769230769231
0.0
0.117647058824
0.3125
0.125
0.235294117647
0.107142857143
0.0416666666667
0.222222222222
0.133333333333
0.2
0.230769230769
0.0625
0.1875
0.111111111111
0.285714285714
0.0
0.178571428571
0.0606060606061
0.0
0.0
0.230769230769
0.285714285714
0.125
0.235294117647
0.1
0.272727272727
0.166666666667
0.0909090909091
0.0833333333333
0.192307692308
0.0714285714286
0.466666666667
0.333333333333
0.230769230769
0.0
0.0526315789474
0.0740740740741
0.0
0.0
0.16
0.047619047619
0.0
0.2
0.037037037037
0.0833333333333
0.125
0.148148148148
0.285714285714
0.0
0.230769230769
0.0714285714286
0.111111111111
0.0
0.075
0.259259259259
0.210526315789
0.227272727273
0.296296296296
0.2
0.0625
0.0
0.129032258065
0.103448275862
0.227272727273
0.181818181818
0.181818181818
0.333333333333
0.0
0.233333333333
0.111111111111
0.0
0.0833333333333
0.129032258065
0.178571428571
0.0
0.105263157895
0.481481481481
0.0
0.0357142857143
0.08
0.0
0.125
0.131578947368
0.285714285714
0.2
0.266666666667
0.0666666666667
0.0
0.153846153846
0.222222222222
0.16
0.153846153846
0.0714285714286
0.0
0.0
0.0833333333333
0.176470588235
0.5
0.230769230769
0.2
0.0909090909091
0.0909090909091
0.0
0.0
0.380952380952
0.0
0.0909090909091
0.105263157895
0.0625
0.241379310345
0.0526315789474
0.153846153846
0.0
0.0769230769231
0.0344827586207
0.24
0.0833333333333
0.0
0.222222222222
0.111111111111
0.185185185185
0.210526315789
0.190476190476
0.0
0.153846153846
0.2
0.0
0.0
0.0357142857143
0.025
0.0
0.125
0.153846153846
0.0526315789474
0.0526315789474
0.2
0.176470588235
0.176470588235
0.0714285714286
0.04
0.0625
0.117647058824
0.0
0.235294117647
0.047619047619
0.117647058824
0.384615384615
0.0
0.333333333333
0.166666666667
0.0384615384615
0.1
0.157894736842
0.0512820512821
0.0666666666667
0.0
0.0
0.269230769231
0.03125
0.0888888888889
0.0
0.1
0.1
0.1
0.142857142857
0.24
0.0555555555556
0.08
0.0322580645161
0.157894736842
0.0454545454545
0.0
0.0833333333333
0.111111111111
0.0
0.0
0.0
0.368421052632
0.153846153846
0.0
0.172413793103
0.117647058824
0.1
0.142857142857
0.0
0.0606060606061
0.142857142857
0.0434782608696
0.0833333333333
0.0434782608696
0.037037037037
0.333333333333
0.208333333333
0.0
0.0526315789474
0.0869565217391
0.1
0.0909090909091
0.133333333333
0.0645161290323
0.166666666667
0.111111111111
0.0666666666667
0.0384615384615
0.214285714286
0.15
0.352941176471
0.142857142857
0.45
0.0625
0.0869565217391
0.0
0.25
0.25
0.2
0.030303030303
0.130434782609
0.0555555555556
0.470588235294
0.294117647059
0.285714285714
0.0714285714286
0.0
0.235294117647
0.0
0.230769230769
0.111111111111
0.142857142857
0.0625
0.0857142857143
0.208333333333
0.125
0.153846153846
0.0833333333333
0.105263157895
0.0
0.181818181818
0.0
0.272727272727
0.142857142857
0.222222222222
0.0555555555556
0.0588235294118
0.176470588235
0.0
0.0
0.125
0.0
0.166666666667
0.333333333333
0.0344827586207
0.375
0.0
0.1
0.125
0.0487804878049
0.0909090909091
0.181818181818
0.285714285714
0.0
0.142857142857
0.3
0.1
0.133333333333
0.2
0.0
0.16
0.1
