0.230769230769
0.0344827586207
0.428571428571
0.0
0.16
0.411764705882
0.411764705882
0.157894736842
0.588235294118
0.0
0.105263157895
0.294117647059
0.823529411765
0.416666666667
0.636363636364
0.0
0.727272727273
0.277777777778
0.166666666667
0.0526315789474
0.241379310345
0.214285714286
0.222222222222
0.125
0.0
0.538461538462
0.625
0.363636363636
0.25
0.352941176471
0.347826086957
0.181818181818
0.304347826087
0.0294117647059
0.444444444444
0.173913043478
0.185185185185
0.0869565217391
0.285714285714
0.230769230769
0.266666666667
0.0
0.45
0.0714285714286
0.411764705882
0.818181818182
0.0
0.5
0.0769230769231
0.666666666667
0.2
0.388888888889
0.466666666667
0.0
0.027027027027
0.111111111111
0.0
0.0625
0.166666666667
0.0
0.555555555556
0.421052631579
0.272727272727
0.16
0.166666666667
0.107142857143
0.0526315789474
0.222222222222
0.102564102564
0.0454545454545
0.0769230769231
0.108108108108
0.142857142857
0.0769230769231
0.866666666667
0.0952380952381
0.0
0.214285714286
0.178571428571
0.133333333333
0.533333333333
0.555555555556
0.277777777778
0.214285714286
0.368421052632
0.315789473684
0.0625
0.9
0.307692307692
0.0384615384615
0.0
0.0666666666667
0.478260869565
0.5625
0.0714285714286
0.0714285714286
0.208333333333
0.0833333333333
0.1
0.545454545455
0.157894736842
0.176470588235
0.030303030303
0.785714285714
0.444444444444
0.5
0.025
0.538461538462
0.142857142857
0.142857142857
0.1
0.0
0.0952380952381
0.0
0.0454545454545
1.0
0.444444444444
0.153846153846
0.235294117647
0.0
0.714285714286
0.285714285714
0.421052631579
0.178571428571
0.166666666667
0.2
0.0384615384615
0.473684210526
0.0606060606061
0.304347826087
0.571428571429
0.294117647059
0.6
0.333333333333
0.15625
0.0
0.222222222222
0.05
0.388888888889
0.3125
0.181818181818
0.08
0.45
0.107142857143
0.384615384615
0.192307692308
0.615384615385
0.266666666667
0.103448275862
0.375
0.111111111111
0.166666666667
0.0
0.909090909091
0.142857142857
0.8
0.0909090909091
0.210526315789
0.391304347826
0.139534883721
0.0555555555556
0.1
0.615384615385
0.466666666667
0.142857142857
0.625
0.714285714286
0.1
0.375
0.214285714286
0.291666666667
0.6
0.115384615385
0.0869565217391
0.2
0.909090909091
0.2
0.833333333333
0.0857142857143
0.461538461538
0.0909090909091
0.5
0.733333333333
0.777777777778
0.0
0.473684210526
0.666666666667
0.0666666666667
0.125
0.642857142857
0.111111111111
0.0
0.0869565217391
0.275862068966
0.166666666667
0.0555555555556
0.333333333333
0.181818181818
0.166666666667
0.285714285714
0.0810810810811
0.2
0.125
0.454545454545
0.538461538462
0.210526315789
0.214285714286
0.5
0.1
0.0
0.0769230769231
0.25
0.0454545454545
0.5
0.111111111111
0.166666666667
0.315789473684
0.470588235294
0.416666666667
0.0769230769231
0.192307692308
0.0
0.277777777778
0.153846153846
0.2
0.75
0.0869565217391
0.518518518519
0.47619047619
0.0789473684211
0.0645161290323
0.272727272727
0.7
0.117647058824
0.0
0.0434782608696
0.75
0.25
0.0
0.0769230769231
0.0588235294118
0.238095238095
0.0
0.307692307692
0.294117647059
0.444444444444
0.5
0.142857142857
0.235294117647
0.235294117647
0.0
0.470588235294
0.25
0.25
0.272727272727
0.315789473684
0.24
0.0357142857143
0.4
0.125
0.625
0.263157894737
0.214285714286
0.0222222222222
0.307692307692
0.0689655172414
0.333333333333
0.217391304348
0.5
0.416666666667
0.260869565217
0.0425531914894
0.285714285714
0.153846153846
0.2
0.0
0.555555555556
0.275862068966
0.0416666666667
0.125
0.0769230769231
0.25
0.444444444444
0.142857142857
0.333333333333
0.352941176471
0.4375
0.0909090909091
0.380952380952
0.2
0.285714285714
0.266666666667
0.217391304348
0.142857142857
0.555555555556
0.117647058824
0.16
0.0
0.0434782608696
0.391304347826
0.388888888889
0.117647058824
0.0952380952381
0.133333333333
0.7
0.272727272727
0.318181818182
0.037037037037
0.25
0.357142857143
0.454545454545
0.117647058824
0.3125
0.307692307692
0.0
0.210526315789
0.142857142857
0.0666666666667
0.266666666667
0.142857142857
0.0454545454545
0.0454545454545
0.238095238095
0.0
0.047619047619
0.0294117647059
0.466666666667
0.111111111111
0.0333333333333
0.181818181818
0.318181818182
0.142857142857
0.08
0.777777777778
0.416666666667
0.190476190476
0.0
0.181818181818
0.15
0.3
0.875
0.5
0.241379310345
0.0714285714286
0.75
0.0689655172414
0.125
0.173913043478
0.142857142857
0.166666666667
0.1875
0.0434782608696
0.166666666667
0.266666666667
0.272727272727
0.208333333333
0.0909090909091
0.555555555556
0.0
0.125
0.5
0.666666666667
0.333333333333
0.0
0.2
0.411764705882
0.318181818182
0.35
0.104166666667
0.75
0.538461538462
0.875
0.5
0.107142857143
0.1875
0.0888888888889
0.153846153846
0.277777777778
0.434782608696
0.2
0.8
0.466666666667
0.642857142857
0.16
0.137931034483
0.121212121212
0.0357142857143
0.722222222222
0.8
0.0909090909091
0.333333333333
0.315789473684
0.0588235294118
0.133333333333
0.0769230769231
0.210526315789
0.538461538462
1.0
0.0555555555556
0.0454545454545
0.375
0.0285714285714
0.666666666667
0.666666666667
0.15625
0.35
0.0322580645161
0.44
0.105263157895
0.3
0.214285714286
0.0
0.35
0.0434782608696
0.409090909091
0.666666666667
0.0833333333333
0.0
0.666666666667
0.769230769231
0.0
0.461538461538
0.0909090909091
0.583333333333
0.190476190476
0.190476190476
0.315789473684
0.5
0.0540540540541
0.142857142857
0.258064516129
0.4
0.0
0.5
0.714285714286
0.105263157895
0.148148148148
0.35
0.307692307692
0.047619047619
0.545454545455
0.411764705882
0.0
0.705882352941
0.428571428571
0.25
0.428571428571
0.3
0.333333333333
0.368421052632
0.266666666667
0.5
0.714285714286
0.666666666667
0.0
0.09375
0.25
0.230769230769
0.0833333333333
0.125
0.0
0.2
0.0869565217391
0.7
0.210526315789
0.0454545454545
0.257142857143
0.727272727273
0.15
0.210526315789
0.25
0.243243243243
0.5
0.142857142857
0.571428571429
0.0869565217391
0.0277777777778
0.0
0.166666666667
0.222222222222
0.304347826087
0.137931034483
0.238095238095
0.428571428571
0.785714285714
0.692307692308
0.133333333333
0.428571428571
0.136363636364
0.0769230769231
0.392857142857
0.909090909091
0.28
0.285714285714
0.235294117647
0.578947368421
0.5
0.615384615385
0.7
0.137931034483
0.0263157894737
0.555555555556
0.833333333333
0.173913043478
0.75
0.0909090909091
0.172413793103
0.294117647059
0.137931034483
0.571428571429
0.125
0.0
0.12
0.5625
0.260869565217
0.0666666666667
0.25
0.1875
0.125
0.230769230769
0.1
0.0
0.115384615385
0.166666666667
0.1875
0.6
0.833333333333
0.0769230769231
0.222222222222
0.260869565217
0.230769230769
0.555555555556
0.0238095238095
0.153846153846
0.0
0.027027027027
0.285714285714
0.272727272727
0.1
0.142857142857
0.4
0.571428571429
0.0
0.190476190476
0.117647058824
0.0416666666667
0.304347826087
0.0625
0.571428571429
0.266666666667
0.428571428571
0.0384615384615
0.166666666667
0.315789473684
0.75
0.125
0.545454545455
0.09375
0.190476190476
0.8
0.111111111111
0.571428571429
0.333333333333
1.0
0.1
0.1
0.15
0.230769230769
0.384615384615
0.230769230769
0.15
0.451612903226
0.533333333333
0.181818181818
0.416666666667
0.0227272727273
0.411764705882
0.15
0.48
0.0
0.176470588235
0.0769230769231
0.0526315789474
0.285714285714
0.3
0.352941176471
0.136363636364
0.0555555555556
0.0555555555556
0.285714285714
0.0833333333333
0.130434782609
0.333333333333
0.344827586207
0.636363636364
0.25
0.5
0.0
0.15
0.35
0.157894736842
0.0
0.0571428571429
0.0
0.285714285714
0.333333333333
0.2
0.333333333333
0.133333333333
0.333333333333
0.411764705882
0.260869565217
0.6
0.444444444444
0.25
0.0857142857143
0.3
0.0
0.148148148148
0.142857142857
0.421052631579
0.652173913043
0.8
0.214285714286
0.368421052632
0.0
0.117647058824
0.318181818182
0.214285714286
0.0
0.208333333333
0.153846153846
0.15
0.466666666667
0.116279069767
0.047619047619
0.285714285714
0.0869565217391
0.125
0.117647058824
0.32
0.25
0.75
0.307692307692
0.0714285714286
0.785714285714
0.0277777777778
0.222222222222
0.478260869565
0.5
0.363636363636
0.25
0.030303030303
0.615384615385
0.142857142857
0.153846153846
0.25
0.48275862069
0.222222222222
0.8
0.0
0.6
0.416666666667
0.347826086957
0.666666666667
0.111111111111
0.145833333333
0.133333333333
0.636363636364
0.0769230769231
0.5
0.111111111111
0.333333333333
0.875
0.7
0.173913043478
0.178571428571
0.0
0.7
0.294117647059
0.08
0.8
0.35
0.727272727273
0.47619047619
0.25
0.4
0.461538461538
0.625
0.333333333333
0.185185185185
0.538461538462
0.647058823529
0.222222222222
0.133333333333
0.190476190476
0.176470588235
0.5
0.0
0.2
0.12
0.25
0.0967741935484
0.0666666666667
0.125
0.157894736842
0.25
0.5
0.125
0.0277777777778
0.0294117647059
0.0952380952381
0.0
0.272727272727
0.0
0.4
0.888888888889
0.0
0.0833333333333
0.2
0.454545454545
0.35
0.111111111111
0.214285714286
0.142857142857
0.0434782608696
0.0869565217391
0.09375
0.285714285714
0.129032258065
0.0588235294118
0.538461538462
0.294117647059
0.117647058824
0.25
0.125
0.352941176471
0.0714285714286
0.125
0.0555555555556
0.4
0.6
0.384615384615
0.25
0.25
0.111111111111
0.0952380952381
0.0689655172414
0.0714285714286
0.030303030303
0.636363636364
0.5
0.615384615385
0.428571428571
0.166666666667
0.176470588235
0.4
0.363636363636
0.416666666667
0.121212121212
0.125
0.0384615384615
0.285714285714
0.4
0.5
0.769230769231
0.571428571429
0.105263157895
0.0
0.142857142857
0.130434782609
0.28
0.0
0.2
0.4
0.037037037037
0.583333333333
0.25
0.037037037037
0.428571428571
0.12
0.115384615385
0.0714285714286
0.555555555556
0.25
0.025
0.222222222222
0.473684210526
0.227272727273
0.185185185185
0.2
0.0625
0.318181818182
0.0645161290323
0.0689655172414
0.227272727273
0.318181818182
0.181818181818
0.2
0.0555555555556
0.2
0.666666666667
0.1
0.0833333333333
0.0645161290323
0.0714285714286
0.0714285714286
0.105263157895
0.259259259259
0.0
0.0
0.44
0.0666666666667
0.1875
0.0
0.0714285714286
0.2
0.266666666667
0.6
0.625
0.0384615384615
0.5
0.32
0.179487179487
0.285714285714
0.6
0.0
0.25
0.176470588235
0.7
0.384615384615
0.6
0.0909090909091
0.454545454545
0.0
0.142857142857
0.238095238095
0.0714285714286
0.181818181818
0.0526315789474
0.0625
0.172413793103
0.368421052632
0.0
0.235294117647
0.461538461538
0.0344827586207
0.16
0.194444444444
0.0833333333333
0.5
0.277777777778
0.148148148148
0.421052631579
0.0952380952381
0.307692307692
0.102564102564
0.0571428571429
0.1875
0.1875
0.0
0.025
0.428571428571
0.3125
0.538461538462
0.263157894737
0.0526315789474
0.166666666667
0.411764705882
0.176470588235
0.571428571429
0.48
0.15625
0.470588235294
0.0
0.294117647059
0.142857142857
0.470588235294
0.307692307692
0.6
0.777777777778
0.125
0.269230769231
0.6
0.105263157895
0.0769230769231
0.0666666666667
0.24
0.0
0.307692307692
0.09375
0.155555555556
0.5
0.3
0.6
0.3
0.214285714286
0.48
0.222222222222
0.08
0.0967741935484
0.105263157895
0.227272727273
0.0
0.666666666667
0.0
0.0555555555556
0.0
0.0
0.157894736842
0.615384615385
0.166666666667
0.172413793103
0.117647058824
0.1
0.428571428571
0.157894736842
0.0
0.0
0.260869565217
0.75
0.0869565217391
0.111111111111
0.047619047619
0.208333333333
0.0
0.0526315789474
0.0869565217391
0.0
0.545454545455
0.333333333333
0.0322580645161
0.388888888889
0.444444444444
0.2
0.0384615384615
0.285714285714
0.35
0.235294117647
0.857142857143
0.65
0.125
0.173913043478
0.0
0.75
0.625
0.333333333333
0.0606060606061
0.0869565217391
0.333333333333
0.529411764706
0.529411764706
0.333333333333
0.285714285714
0.105263157895
0.764705882353
0.555555555556
0.384615384615
0.111111111111
0.0714285714286
0.0625
0.0
0.0833333333333
0.75
0.0
0.416666666667
0.0526315789474
0.125
0.454545454545
0.0434782608696
0.545454545455
0.714285714286
0.777777777778
0.277777777778
0.0
0.352941176471
0.769230769231
0.0
0.125
0.333333333333
0.444444444444
0.0555555555556
0.0689655172414
0.5
0.0
0.5
0.0416666666667
0.0
0.272727272727
0.909090909091
0.428571428571
0.0588235294118
0.285714285714
0.1
0.7
0.1
0.24
0.4
0.32
0.3
