0.0
0.0
0.0
0.0
0.0
0.470588235294
0.176470588235
0.0
0.176470588235
0.0
0.105263157895
0.117647058824
0.176470588235
0.166666666667
0.0
0.0
0.545454545455
0.111111111111
0.25
0.0526315789474
0.0
0.214285714286
0.0
0.0
0.0
0.0
0.375
0.181818181818
0.125
0.0
0.217391304348
0.0
0.217391304348
0.0
0.111111111111
0.0434782608696
0.0
0.0
0.0
0.0
0.0666666666667
0.0
0.0
0.142857142857
0.0
0.181818181818
0.0
0.0625
0.0769230769231
0.0
0.0
0.111111111111
0.0
0.0
0.0
0.0
0.0
0.0
0.0666666666667
0.0
0.0
0.0
0.0
0.08
0.0833333333333
0.0
0.0
0.0
0.0
0.0
0.0769230769231
0.0
0.0
0.0
0.466666666667
0.0
0.0
0.0
0.0
0.0
0.2
0.111111111111
0.166666666667
0.0
0.0526315789474
0.157894736842
0.0
0.1
0.0
0.0
0.0
0.0
0.217391304348
0.1875
0.0
0.0
0.0
0.0
0.0
0.363636363636
0.0526315789474
0.0
0.0
0.0
0.222222222222
0.0
0.0
0.153846153846
0.0714285714286
0.0
0.1
0.0
0.0
0.0
0.0909090909091
0.333333333333
0.0555555555556
0.0
0.176470588235
0.0
0.0714285714286
0.047619047619
0.263157894737
0.0
0.166666666667
0.0
0.0
0.0526315789474
0.0
0.0
0.0
0.0
0.0
0.0
0.0
0.0
0.111111111111
0.05
0.0
0.1875
0.136363636364
0.0
0.0
0.0
0.115384615385
0.115384615385
0.230769230769
0.133333333333
0.0
0.0
0.0
0.0
0.0
0.363636363636
0.0
0.7
0.0
0.0526315789474
0.0
0.0232558139535
0.0
0.1
0.153846153846
0.0
0.0
0.0
0.0
0.0
0.208333333333
0.0
0.0
0.0
0.0
0.0
0.0
0.545454545455
0.05
0.333333333333
0.0
0.153846153846
0.0
0.0
0.0666666666667
0.0
0.0
0.0526315789474
0.0
0.0
0.0
0.142857142857
0.0555555555556
0.0
0.0
0.103448275862
0.0
0.0
0.166666666667
0.0
0.0
0.0714285714286
0.0810810810811
0.0
0.0
0.0909090909091
0.384615384615
0.210526315789
0.0714285714286
0.0
0.0
0.0714285714286
0.0
0.166666666667
0.0
0.0
0.0
0.0
0.0
0.0
0.0
0.0
0.0
0.0
0.0555555555556
0.0
0.0
0.583333333333
0.0
0.148148148148
0.190476190476
0.0789473684211
0.0645161290323
0.0
0.0
0.117647058824
0.0
0.0
0.375
0.142857142857
0.0
0.0
0.0
0.047619047619
0.0
0.0
0.117647058824
0.222222222222
0.0555555555556
0.0
0.0588235294118
0.0
0.0
0.0
0.25
0.0625
0.363636363636
0.0
0.04
0.0
0.0
0.0
0.0
0.0
0.0714285714286
0.0
0.0769230769231
0.0344827586207
0.0
0.0
0.125
0.0
0.0434782608696
0.0
0.0
0.0
0.16
0.0
0.0
0.0344827586207
0.0
0.03125
0.0769230769231
0.0
0.0
0.0714285714286
0.0
0.176470588235
0.0625
0.0
0.0
0.0
0.0
0.0333333333333
0.0434782608696
0.0
0.333333333333
0.0
0.08
0.0
0.0
0.0
0.111111111111
0.0
0.0
0.0
0.1
0.272727272727
0.0454545454545
0.0
0.0
0.142857142857
0.0909090909091
0.0294117647059
0.125
0.0
0.0
0.105263157895
0.0
0.0666666666667
0.0666666666667
0.0
0.0
0.0
0.0
0.0
0.0
0.0
0.0
0.0222222222222
0.0
0.0
0.227272727273
0.142857142857
0.0
0.444444444444
0.0
0.0
0.142857142857
0.0
0.05
0.15
0.5625
0.1875
0.0689655172414
0.0
0.0
0.0
0.0625
0.0
0.107142857143
0.0
0.0
0.0
0.111111111111
0.4
0.0909090909091
0.0
0.0
0.388888888889
0.0
0.0
0.0
0.111111111111
0.111111111111
0.0
0.0
0.0588235294118
0.272727272727
0.0
0.0208333333333
0.0833333333333
0.0
0.5
0.3125
0.0714285714286
0.0
0.0
0.0769230769231
0.0
0.0434782608696
0.0
0.4
0.0
0.357142857143
0.0
0.137931034483
0.030303030303
0.0
0.333333333333
0.2
0.0
0.0
0.0526315789474
0.0
0.0
0.0
0.0
0.230769230769
0.2
0.0555555555556
0.0454545454545
0.0
0.0
0.0
0.0
0.0625
0.1
0.0
0.08
0.0
0.0
0.0714285714286
0.0
0.15
0.0
0.363636363636
0.25
0.0277777777778
0.0
0.380952380952
0.0769230769231
0.0
0.0
0.0909090909091
0.333333333333
0.047619047619
0.0952380952381
0.105263157895
0.0
0.027027027027
0.142857142857
0.0322580645161
0.0
0.0
0.0
0.0
0.105263157895
0.0740740740741
0.0
0.0
0.047619047619
0.0
0.0
0.0
0.352941176471
0.0
0.166666666667
0.0714285714286
0.0
0.2
0.105263157895
0.0
0.0
0.047619047619
0.0
0.0
0.0
0.0
0.0
0.0
0.0
0.0
0.0
0.0
0.4
0.0526315789474
0.0
0.0
0.181818181818
0.05
0.0
0.0
0.0810810810811
0.0
0.0
0.0
0.0
0.0
0.0
0.166666666667
0.0
0.173913043478
0.0
0.047619047619
0.142857142857
0.142857142857
0.384615384615
0.0
0.142857142857
0.0
0.0769230769231
0.0
0.454545454545
0.08
0.0
0.235294117647
0.0
0.375
0.0
0.0
0.0344827586207
0.0
0.222222222222
0.0
0.0
0.0833333333333
0.0
0.0344827586207
0.0588235294118
0.0689655172414
0.142857142857
0.0
0.0
0.12
0.125
0.130434782609
0.0
0.0
0.0
0.0
0.0384615384615
0.1
0.0
0.0
0.0416666666667
0.0
0.0
0.0
0.0769230769231
0.111111111111
0.0
0.230769230769
0.222222222222
0.0714285714286
0.0
0.0
0.0
0.333333333333
0.0
0.0
0.107142857143
0.0
0.0
0.0
0.285714285714
0.0
0.0416666666667
0.260869565217
0.0
0.0
0.0
0.0714285714286
0.0
0.0555555555556
0.0526315789474
0.125
0.125
0.0
0.0
0.047619047619
0.4
0.0
0.0
0.047619047619
0.4
0.0333333333333
0.0
0.05
0.230769230769
0.0
0.0
0.3
0.129032258065
0.333333333333
0.0454545454545
0.166666666667
0.0
0.235294117647
0.0
0.48
0.0
0.294117647059
0.0
0.0
0.0952380952381
0.0
0.352941176471
0.0
0.0555555555556
0.0555555555556
0.0
0.0
0.0
0.0
0.0344827586207
0.0
0.0
0.142857142857
0.0
0.1
0.1
0.157894736842
0.0
0.0285714285714
0.0
0.0
0.0666666666667
0.0
0.0666666666667
0.0
0.0833333333333
0.176470588235
0.0
0.0
0.388888888889
0.0
0.0
0.05
0.0
0.111111111111
0.0
0.0
0.0869565217391
0.1
0.0357142857143
0.0526315789474
0.0
0.0
0.318181818182
0.0357142857143
0.0
0.0
0.192307692308
0.0
0.0666666666667
0.0
0.0
0.0
0.0
0.0
0.0
0.12
0.125
0.25
0.0769230769231
0.0
0.0
0.0277777777778
0.222222222222
0.304347826087
0.0
0.0
0.0
0.0
0.615384615385
0.0
0.0
0.0
0.344827586207
0.166666666667
0.0
0.0
0.0
0.0
0.0
0.0
0.0
0.125
0.0
0.0
0.0
0.1
0.111111111111
0.0
0.25
0.2
0.130434782609
0.0714285714286
0.0
0.1
0.0
0.0
0.4
0.1
0.0
0.0
0.0833333333333
0.0666666666667
0.0
0.375
0.0833333333333
0.0
0.384615384615
0.588235294118
0.0
0.133333333333
0.0
0.0
0.0
0.0
0.15
0.04
0.15
0.0322580645161
0.0
0.0
0.0
0.3125
0.125
0.09375
0.0
0.0
0.190476190476
0.0
0.0
0.0
0.333333333333
0.444444444444
0.0
0.0
0.0
0.181818181818
0.2
0.0
0.0
0.0
0.130434782609
0.0434782608696
0.0
0.0
0.193548387097
0.0
0.538461538462
0.0588235294118
0.0
0.0
0.0
0.0588235294118
0.0714285714286
0.0416666666667
0.0
0.0
0.0
0.0
0.0
0.3125
0.0555555555556
0.047619047619
0.0
0.0714285714286
0.030303030303
0.227272727273
0.0
0.307692307692
0.0
0.0
0.0
0.2
0.272727272727
0.0
0.0
0.0833333333333
0.0
0.0
0.0666666666667
0.166666666667
0.153846153846
0.0
0.0
0.0
0.0
0.0
0.0
0.0
0.0
0.0
0.0
0.0
0.125
0.037037037037
0.0714285714286
0.0
0.0
0.0
0.0
0.0
0.0
0.0
0.0
0.227272727273
0.0
0.0
0.0
0.0
0.0
0.0
0.0909090909091
0.0
0.0
0.0666666666667
0.0
0.1
0.222222222222
0.0
0.0
0.0
0.0
0.0
0.0526315789474
0.333333333333
0.0
0.0
0.12
0.0
0.0625
0.0
0.0
0.05
0.266666666667
0.0666666666667
0.0
0.0
0.111111111111
0.12
0.0512820512821
0.0
0.1
0.0
0.0
0.0
0.6
0.153846153846
0.1
0.136363636364
0.0909090909091
0.0
0.0714285714286
0.142857142857
0.0
0.0
0.0
0.0
0.0
0.0526315789474
0.0
0.0
0.538461538462
0.0
0.2
0.0
0.0
0.0555555555556
0.111111111111
0.0740740740741
0.0
0.0
0.0
0.0
0.0285714285714
0.0
0.0
0.0
0.0
0.0
0.0
0.0
0.210526315789
0.0
0.0
0.0
0.0
0.142857142857
0.08
0.0
0.411764705882
0.0
0.117647058824
0.047619047619
0.235294117647
0.0769230769231
0.0
0.0
0.125
0.0
0.25
0.0526315789474
0.0
0.0
0.04
0.0
0.192307692308
0.0
0.0222222222222
0.0
0.4
0.1
0.0
0.0
0.16
0.0
0.0
0.0645161290323
0.0
0.0
0.0
0.0833333333333
0.0
0.0
0.0
0.0
0.105263157895
0.307692307692
0.111111111111
0.0
0.0
0.0
0.190476190476
0.0526315789474
0.0
0.0
0.0
0.333333333333
0.0
0.111111111111
0.0952380952381
0.0
0.0
0.0
0.0434782608696
0.0
0.181818181818
0.0666666666667
0.0
0.222222222222
0.111111111111
0.0666666666667
0.0384615384615
0.0714285714286
0.0
0.117647058824
0.428571428571
0.1
0.0
0.0434782608696
0.0
0.25
0.125
0.266666666667
0.0
0.0434782608696
0.0
0.0
0.0
0.142857142857
0.0
0.0
0.0
0.0
0.0769230769231
0.0
0.0
0.0
0.0
0.0
0.0
0.0
0.0
0.0526315789474
0.0
0.181818181818
0.0
0.181818181818
0.0
0.222222222222
0.0
0.0
0.117647058824
0.0
0.0
0.0
0.0416666666667
0.166666666667
0.0
0.0
0.125
0.0
0.0
0.0
0.0
0.0
0.181818181818
0.0
0.0
0.0
0.1
0.0
0.0666666666667
0.0
0.1
0.0
0.1
