0.115384615385
0.103448275862
0.428571428571
0.190476190476
0.08
0.529411764706
0.352941176471
0.0526315789474
0.411764705882
0.266666666667
0.263157894737
0.0
0.411764705882
0.416666666667
0.454545454545
0.0714285714286
0.636363636364
0.222222222222
0.0
0.421052631579
0.172413793103
0.285714285714
0.0
0.0625
0.0606060606061
0.538461538462
0.25
0.363636363636
0.125
0.117647058824
0.0869565217391
0.181818181818
0.434782608696
0.0
0.222222222222
0.0434782608696
0.222222222222
0.0434782608696
0.428571428571
0.307692307692
0.333333333333
0.352941176471
0.25
0.214285714286
0.529411764706
0.363636363636
0.0952380952381
0.1875
0.230769230769
0.555555555556
0.133333333333
0.277777777778
0.333333333333
0.727272727273
0.0540540540541
0.111111111111
0.277777777778
0.0625
0.1
0.0909090909091
0.111111111111
0.315789473684
0.363636363636
0.28
0.5
0.0714285714286
0.210526315789
0.0555555555556
0.0769230769231
0.136363636364
0.230769230769
0.0
0.142857142857
0.230769230769
0.4
0.190476190476
0.193548387097
0.214285714286
0.357142857143
0.2
0.333333333333
0.111111111111
0.222222222222
0.5
0.421052631579
0.315789473684
0.3125
0.2
0.384615384615
0.269230769231
0.210526315789
0.0
0.130434782609
0.125
0.25
0.142857142857
0.375
0.0833333333333
0.2
0.181818181818
0.0526315789474
0.117647058824
0.030303030303
0.142857142857
0.555555555556
0.0
0.075
0.230769230769
0.178571428571
0.0714285714286
0.15
0.0909090909091
0.285714285714
0.2
0.0454545454545
0.666666666667
0.166666666667
0.115384615385
0.117647058824
0.0285714285714
0.142857142857
0.142857142857
0.315789473684
0.392857142857
0.333333333333
0.2
0.115384615385
0.315789473684
0.030303030303
0.173913043478
0.428571428571
0.235294117647
0.3
0.133333333333
0.0625
0.0
0.222222222222
0.35
0.333333333333
0.3125
0.136363636364
0.04
0.2
0.0
0.153846153846
0.0384615384615
0.692307692308
0.0
0.0344827586207
0.3125
0.222222222222
0.25
0.181818181818
0.181818181818
0.142857142857
0.2
0.0
0.157894736842
0.347826086957
0.093023255814
0.333333333333
0.133333333333
0.538461538462
0.133333333333
0.238095238095
0.25
0.714285714286
0.15
0.125
0.0
0.125
0.6
0.0
0.0
0.266666666667
0.181818181818
0.1
0.583333333333
0.342857142857
0.384615384615
0.181818181818
0.125
0.333333333333
0.444444444444
0.0
0.210526315789
0.111111111111
0.133333333333
0.333333333333
0.142857142857
0.0555555555556
0.583333333333
0.304347826087
0.48275862069
0.0833333333333
0.111111111111
0.416666666667
0.272727272727
0.166666666667
0.285714285714
0.108108108108
0.2
0.275
0.0
0.0
0.210526315789
0.142857142857
0.142857142857
0.4
0.214285714286
0.153846153846
0.25
0.363636363636
0.0
0.037037037037
0.166666666667
0.210526315789
0.235294117647
0.0
0.115384615385
0.153846153846
0.1875
0.166666666667
0.153846153846
0.04
0.5
0.173913043478
0.37037037037
0.571428571429
0.184210526316
0.161290322581
0.181818181818
0.1
0.294117647059
0.1875
0.130434782609
0.625
0.428571428571
0.217391304348
0.269230769231
0.176470588235
0.238095238095
0.192307692308
0.576923076923
0.647058823529
0.444444444444
0.388888888889
0.142857142857
0.0588235294118
0.117647058824
0.0689655172414
0.411764705882
0.166666666667
0.28125
0.454545454545
0.157894736842
0.2
0.285714285714
0.4
0.625
0.25
0.210526315789
0.321428571429
0.111111111111
0.307692307692
0.0344827586207
0.466666666667
0.0
0.0625
0.0
0.173913043478
0.0851063829787
0.0952380952381
0.538461538462
0.12
0.05
0.111111111111
0.241379310345
0.0416666666667
0.0625
0.153846153846
0.166666666667
0.111111111111
0.142857142857
0.333333333333
0.235294117647
0.375
0.0
0.142857142857
0.2
0.428571428571
0.4
0.304347826087
0.285714285714
0.222222222222
0.117647058824
0.24
0.0555555555556
0.130434782609
0.347826086957
0.277777777778
0.294117647059
0.0
0.0
0.5
0.636363636364
0.272727272727
0.0
0.166666666667
0.357142857143
0.545454545455
0.0
0.375
0.0769230769231
0.388888888889
0.157894736842
0.285714285714
0.1
0.266666666667
0.0952380952381
0.318181818182
0.0454545454545
0.380952380952
0.16
0.333333333333
0.147058823529
0.133333333333
0.488888888889
0.0666666666667
0.0
0.136363636364
0.714285714286
0.04
0.555555555556
0.0833333333333
0.428571428571
0.142857142857
0.454545454545
0.15
0.1
0.4375
0.375
0.137931034483
0.214285714286
0.5
0.0689655172414
0.375
0.0434782608696
0.0714285714286
0.25
0.0625
0.0869565217391
0.0555555555556
0.6
0.363636363636
0.25
0.363636363636
0.0555555555556
0.0344827586207
0.1875
0.333333333333
0.0
0.222222222222
0.0
0.0
0.117647058824
0.0909090909091
0.2
0.1875
0.25
0.230769230769
0.125
0.125
0.142857142857
0.0625
0.111111111111
0.0
0.222222222222
0.304347826087
0.0
0.6
0.4
0.357142857143
0.04
0.103448275862
0.272727272727
0.0714285714286
0.666666666667
0.6
0.0
0.375
0.0526315789474
0.117647058824
0.0
0.307692307692
0.105263157895
0.0769230769231
0.2
0.5
0.0909090909091
0.0625
0.0571428571429
0.333333333333
0.333333333333
0.21875
0.15
0.0645161290323
0.28
0.0
0.1
0.464285714286
0.307692307692
0.2
0.217391304348
0.0454545454545
0.416666666667
0.0833333333333
0.0
0.238095238095
0.0769230769231
0.0
0.0769230769231
0.272727272727
0.416666666667
0.333333333333
0.0952380952381
0.368421052632
0.0714285714286
0.027027027027
0.190476190476
0.0967741935484
0.266666666667
0.0357142857143
0.357142857143
0.357142857143
0.210526315789
0.185185185185
0.3
0.230769230769
0.190476190476
0.272727272727
0.0588235294118
0.5
0.235294117647
0.285714285714
0.25
0.357142857143
0.1
0.333333333333
0.315789473684
0.266666666667
0.375
0.142857142857
0.666666666667
0.0
0.1875
0.0
0.192307692308
0.166666666667
0.15625
0.0769230769231
0.266666666667
0.260869565217
0.3
0.263157894737
0.318181818182
0.114285714286
0.272727272727
0.35
0.105263157895
0.208333333333
0.0540540540541
0.0
0.428571428571
0.285714285714
0.217391304348
0.0277777777778
0.0
0.166666666667
0.111111111111
0.260869565217
0.241379310345
0.238095238095
0.285714285714
0.142857142857
0.230769230769
0.266666666667
0.285714285714
0.0454545454545
0.153846153846
0.25
0.545454545455
0.24
0.285714285714
0.235294117647
0.263157894737
0.375
0.230769230769
0.2
0.137931034483
0.0263157894737
0.222222222222
0.166666666667
0.260869565217
0.583333333333
0.363636363636
0.172413793103
0.176470588235
0.0344827586207
0.142857142857
0.1875
0.1875
0.48
0.375
0.260869565217
0.4
0.25
0.125
0.5625
0.384615384615
0.0333333333333
0.0909090909091
0.0769230769231
0.208333333333
0.0
0.4
0.5
0.307692307692
0.277777777778
0.0869565217391
0.307692307692
0.444444444444
0.0952380952381
0.307692307692
0.181818181818
0.027027027027
0.380952380952
0.0909090909091
0.25
0.142857142857
0.2
0.285714285714
0.107142857143
0.380952380952
0.0588235294118
0.25
0.0869565217391
0.1875
0.285714285714
0.266666666667
0.285714285714
0.0384615384615
0.111111111111
0.263157894737
0.25
0.125
0.272727272727
0.125
0.142857142857
0.2
0.277777777778
0.285714285714
0.142857142857
0.4
0.0666666666667
0.0
0.3
0.307692307692
0.461538461538
0.230769230769
0.35
0.0967741935484
0.2
0.113636363636
0.666666666667
0.0
0.411764705882
0.25
0.16
0.0
0.294117647059
0.0
0.0526315789474
0.0952380952381
0.15
0.235294117647
0.136363636364
0.0
0.0555555555556
0.285714285714
0.125
0.173913043478
0.0
0.275862068966
0.227272727273
0.25
0.428571428571
0.333333333333
0.25
0.25
0.157894736842
0.16
0.0
0.260869565217
0.0
0.0666666666667
0.333333333333
0.466666666667
0.0666666666667
0.333333333333
0.117647058824
0.173913043478
0.1
0.333333333333
0.0833333333333
0.171428571429
0.25
0.285714285714
0.333333333333
0.214285714286
0.210526315789
0.173913043478
0.6
0.25
0.0526315789474
0.285714285714
0.117647058824
0.181818181818
0.25
0.0
0.458333333333
0.0
0.0
0.333333333333
0.093023255814
0.0952380952381
0.285714285714
0.173913043478
0.0833333333333
0.117647058824
0.28
0.1875
0.0833333333333
0.615384615385
0.142857142857
0.571428571429
0.0555555555556
0.277777777778
0.173913043478
0.0
0.227272727273
0.0625
0.030303030303
0.307692307692
0.142857142857
0.269230769231
0.25
0.0689655172414
0.333333333333
0.2
0.0666666666667
0.2
0.583333333333
0.0869565217391
0.333333333333
0.111111111111
0.104166666667
0.0
0.363636363636
0.0
0.2
0.555555555556
0.166666666667
0.5
0.4
0.608695652174
0.142857142857
0.0
0.5
0.411764705882
0.04
0.2
0.15
0.545454545455
0.380952380952
0.333333333333
0.6
0.0769230769231
0.5
0.25
0.185185185185
0.307692307692
0.176470588235
0.277777777778
0.2
0.0952380952381
0.117647058824
0.5
0.166666666667
0.15
0.04
0.2
0.0
0.0666666666667
0.166666666667
0.368421052632
0.3125
0.5
0.3125
0.111111111111
0.0882352941176
0.52380952381
0.526315789474
0.0909090909091
0.214285714286
0.133333333333
0.777777777778
0.0
0.0
0.36
0.545454545455
0.5
0.0555555555556
0.0714285714286
0.357142857143
0.434782608696
0.304347826087
0.0625
0.357142857143
0.225806451613
0.117647058824
0.615384615385
0.176470588235
0.176470588235
0.125
0.0625
0.117647058824
0.178571428571
0.25
0.277777777778
0.466666666667
0.8
0.192307692308
0.1875
0.0625
0.222222222222
0.190476190476
0.0689655172414
0.142857142857
0.0606060606061
0.5
0.0
0.615384615385
0.285714285714
0.125
0.382352941176
0.2
0.409090909091
0.166666666667
0.0606060606061
0.25
0.230769230769
0.0714285714286
0.333333333333
0.0
0.615384615385
0.0
0.157894736842
0.037037037037
0.285714285714
0.0869565217391
0.24
0.142857142857
0.266666666667
0.0
0.0
0.416666666667
0.28125
0.185185185185
0.214285714286
0.04
0.192307692308
0.0357142857143
0.444444444444
0.0
0.025
0.296296296296
0.0526315789474
0.545454545455
0.111111111111
0.133333333333
0.25
0.272727272727
0.0322580645161
0.0689655172414
0.181818181818
0.136363636364
0.409090909091
0.133333333333
0.0555555555556
0.1
0.222222222222
0.15
0.583333333333
0.225806451613
0.285714285714
0.0714285714286
0.368421052632
0.444444444444
0.0
0.0714285714286
0.2
0.2
0.5
0.105263157895
0.142857142857
0.1
0.133333333333
0.333333333333
0.25
0.0384615384615
0.111111111111
0.52
0.128205128205
0.142857142857
0.5
0.0526315789474
0.0833333333333
0.352941176471
0.2
0.153846153846
0.5
0.409090909091
0.272727272727
0.0714285714286
0.357142857143
0.285714285714
0.0357142857143
0.181818181818
0.0
0.125
0.0689655172414
0.0
0.153846153846
0.294117647059
0.230769230769
0.0344827586207
0.36
0.0555555555556
0.166666666667
0.388888888889
0.222222222222
0.111111111111
0.0526315789474
0.285714285714
0.0
0.025641025641
0.142857142857
0.25
0.0625
0.0
0.1
0.0
0.25
0.0
0.105263157895
0.105263157895
0.2
0.176470588235
0.0
0.214285714286
0.24
0.09375
0.411764705882
0.0555555555556
0.294117647059
0.190476190476
0.470588235294
0.384615384615
0.2
0.666666666667
0.166666666667
0.115384615385
0.25
0.421052631579
0.128205128205
0.0
0.08
0.0625
0.538461538462
0.125
0.177777777778
0.4375
0.6
0.4
0.0
0.142857142857
0.28
0.222222222222
0.16
0.0645161290323
0.0526315789474
0.181818181818
0.0512820512821
0.75
0.0277777777778
0.166666666667
0.111111111111
0.0714285714286
0.526315789474
0.615384615385
0.111111111111
0.103448275862
0.235294117647
0.15
0.285714285714
0.263157894737
0.030303030303
0.142857142857
0.130434782609
0.166666666667
0.0434782608696
0.148148148148
0.0952380952381
0.0833333333333
0.0
0.315789473684
0.260869565217
0.5
0.363636363636
0.266666666667
0.0
0.333333333333
0.166666666667
0.133333333333
0.0
0.142857142857
0.15
0.294117647059
0.142857142857
0.35
0.5
0.0434782608696
0.0625
0.166666666667
0.0
0.4
0.030303030303
0.173913043478
0.277777777778
0.235294117647
0.235294117647
0.238095238095
0.142857142857
0.263157894737
0.529411764706
0.444444444444
0.384615384615
0.333333333333
0.571428571429
0.3125
0.0
0.0416666666667
0.25
0.0769230769231
0.5
0.0526315789474
0.1875
0.454545454545
0.130434782609
0.0909090909091
0.714285714286
0.666666666667
0.333333333333
0.0
0.235294117647
0.307692307692
0.129032258065
0.375
0.0
0.222222222222
0.111111111111
0.0344827586207
0.25
0.0
0.5
0.166666666667
0.0
0.0909090909091
0.363636363636
0.142857142857
0.0588235294118
0.0714285714286
0.4
0.1
0.333333333333
0.12
0.4
0.24
0.35
