0.192307692308
0.0689655172414
0.142857142857
0.285714285714
0.0
0.352941176471
0.0
0.0526315789474
0.0
0.266666666667
0.0
0.117647058824
0.235294117647
0.25
0.636363636364
0.142857142857
0.272727272727
0.222222222222
0.0833333333333
0.210526315789
0.172413793103
0.0714285714286
0.444444444444
0.0625
0.030303030303
0.0769230769231
0.375
0.272727272727
0.25
0.176470588235
0.260869565217
0.0
0.130434782609
0.0
0.0
0.260869565217
0.0740740740741
0.0869565217391
0.0
0.307692307692
0.0666666666667
0.0588235294118
0.15
0.285714285714
0.0588235294118
0.181818181818
0.047619047619
0.25
0.0384615384615
0.111111111111
0.133333333333
0.166666666667
0.133333333333
0.0909090909091
0.0540540540541
0.0555555555556
0.0555555555556
0.0625
0.1
0.0
0.333333333333
0.0
0.181818181818
0.04
0.0
0.107142857143
0.105263157895
0.111111111111
0.0
0.136363636364
0.0
0.027027027027
0.0714285714286
0.0
0.466666666667
0.047619047619
0.0
0.0
0.107142857143
0.133333333333
0.0666666666667
0.0
0.277777777778
0.107142857143
0.368421052632
0.210526315789
0.375
0.2
0.0769230769231
0.0
0.157894736842
0.466666666667
0.521739130435
0.5
0.142857142857
0.142857142857
0.125
0.0
0.05
0.181818181818
0.0
0.0588235294118
0.0
0.142857142857
0.555555555556
0.166666666667
0.0
0.0769230769231
0.0
0.0714285714286
0.25
0.0
0.047619047619
0.0
0.181818181818
0.666666666667
0.111111111111
0.0769230769231
0.0588235294118
0.0
0.5
0.571428571429
0.263157894737
0.357142857143
0.0
0.04
0.0
0.210526315789
0.030303030303
0.173913043478
0.0
0.0588235294118
0.4
0.0
0.03125
0.0
0.111111111111
0.25
0.0555555555556
0.3125
0.272727272727
0.04
0.05
0.0
0.346153846154
0.0769230769231
0.384615384615
0.133333333333
0.0689655172414
0.1875
0.166666666667
0.0833333333333
0.0909090909091
0.272727272727
0.142857142857
0.5
0.0
0.210526315789
0.652173913043
0.0
0.0
0.0333333333333
0.153846153846
0.0666666666667
0.190476190476
0.125
0.142857142857
0.05
0.125
0.285714285714
0.0416666666667
0.4
0.0
0.0869565217391
0.133333333333
0.0
0.4
0.0
0.0
0.0769230769231
0.0454545454545
0.125
0.266666666667
0.111111111111
0.0
0.105263157895
0.111111111111
0.0666666666667
0.0416666666667
0.571428571429
0.194444444444
0.25
0.0434782608696
0.0689655172414
0.0416666666667
0.0
0.25
0.181818181818
0.277777777778
0.0714285714286
0.0810810810811
0.133333333333
0.05
0.181818181818
0.384615384615
0.210526315789
0.357142857143
0.0
0.05
0.0
0.153846153846
0.25
0.136363636364
0.0
0.111111111111
0.111111111111
0.105263157895
0.0588235294118
0.166666666667
0.0384615384615
0.0384615384615
0.0625
0.333333333333
0.153846153846
0.0
0.5
0.0434782608696
0.037037037037
0.0952380952381
0.0526315789474
0.0645161290323
0.0
0.1
0.0
0.0
0.0434782608696
0.375
0.25
0.0869565217391
0.115384615385
0.0
0.047619047619
0.115384615385
0.0
0.294117647059
0.111111111111
0.222222222222
0.333333333333
0.294117647059
0.470588235294
0.0689655172414
0.117647058824
0.166666666667
0.25
0.272727272727
0.0
0.12
0.142857142857
0.2
0.0
0.375
0.0526315789474
0.107142857143
0.0444444444444
0.0769230769231
0.0689655172414
0.4
0.130434782609
0.3125
0.0833333333333
0.173913043478
0.127659574468
0.047619047619
0.0769230769231
0.28
0.05
0.0
0.241379310345
0.0416666666667
0.125
0.0384615384615
0.291666666667
0.0
0.0714285714286
0.333333333333
0.411764705882
0.375
0.0454545454545
0.238095238095
0.0
0.0714285714286
0.166666666667
0.0869565217391
0.514285714286
0.222222222222
0.0588235294118
0.2
0.0
0.0
0.0
0.0555555555556
0.117647058824
0.047619047619
0.2
0.1
0.363636363636
0.0909090909091
0.0
0.166666666667
0.5
0.545454545455
0.117647058824
0.0
0.0
0.111111111111
0.473684210526
0.190476190476
0.0666666666667
0.266666666667
0.047619047619
0.181818181818
0.0
0.0952380952381
0.32
0.333333333333
0.0
0.133333333333
0.0888888888889
0.1
0.181818181818
0.181818181818
0.428571428571
0.0
0.333333333333
0.166666666667
0.047619047619
0.142857142857
0.0909090909091
0.1
0.25
0.3125
0.3125
0.0689655172414
0.142857142857
0.0
0.0689655172414
0.0625
0.0
0.107142857143
0.0
0.25
0.0
0.111111111111
0.0666666666667
0.181818181818
0.0416666666667
0.272727272727
0.222222222222
0.0
0.125
0.166666666667
0.222222222222
0.111111111111
0.2
0.0666666666667
0.235294117647
0.0
0.15
0.0833333333333
0.0833333333333
0.384615384615
0.125
0.4375
0.0357142857143
0.25
0.0
0.0769230769231
0.166666666667
0.173913043478
0.0
0.2
0.0666666666667
0.642857142857
0.0
0.137931034483
0.212121212121
0.178571428571
0.111111111111
0.2
0.0909090909091
0.0416666666667
0.157894736842
0.0294117647059
0.0
0.538461538462
0.263157894737
0.0769230769231
0.8
0.166666666667
0.0454545454545
0.0625
0.0
0.5
0.0
0.0625
0.0
0.0322580645161
0.36
0.263157894737
0.0
0.178571428571
0.230769230769
0.25
0.0869565217391
0.227272727273
0.0833333333333
0.0
0.0
0.047619047619
0.0769230769231
0.0
0.153846153846
0.0
0.166666666667
0.333333333333
0.142857142857
0.210526315789
0.0
0.027027027027
0.190476190476
0.0645161290323
0.333333333333
0.0357142857143
0.214285714286
0.0714285714286
0.157894736842
0.0
0.2
0.384615384615
0.0
0.0909090909091
0.411764705882
0.0
0.352941176471
0.142857142857
0.666666666667
0.142857142857
0.3
0.0
0.210526315789
0.266666666667
0.0
0.0
0.555555555556
0.0
0.21875
0.0
0.115384615385
0.166666666667
0.09375
0.115384615385
0.266666666667
0.0869565217391
0.0
0.0526315789474
0.0
0.257142857143
0.0909090909091
0.15
0.105263157895
0.166666666667
0.189189189189
0.5
0.285714285714
0.714285714286
0.173913043478
0.0
0.0
0.111111111111
0.111111111111
0.217391304348
0.103448275862
0.047619047619
0.285714285714
0.571428571429
0.384615384615
0.0
0.0714285714286
0.0
0.0384615384615
0.142857142857
0.0909090909091
0.08
0.571428571429
0.470588235294
0.315789473684
0.5
0.615384615385
0.1
0.0344827586207
0.0
0.222222222222
0.666666666667
0.0434782608696
0.333333333333
0.0
0.0689655172414
0.235294117647
0.0689655172414
0.0
0.0
0.0
0.24
0.0
0.0869565217391
0.533333333333
0.333333333333
0.125
0.1875
0.0769230769231
0.2
0.318181818182
0.0384615384615
0.0
0.0
0.8
0.0
0.153846153846
0.0
0.0434782608696
0.307692307692
0.222222222222
0.0952380952381
0.0
0.272727272727
0.0810810810811
0.238095238095
0.181818181818
0.15
0.214285714286
0.2
0.428571428571
0.142857142857
0.142857142857
0.235294117647
0.0
0.130434782609
0.1875
0.285714285714
0.0
0.142857142857
0.0
0.166666666667
0.263157894737
0.375
0.125
0.0909090909091
0.0
0.0238095238095
0.8
0.166666666667
0.142857142857
0.238095238095
0.8
0.0333333333333
0.3
0.15
0.230769230769
0.0
0.230769230769
0.15
0.0322580645161
0.0666666666667
0.0909090909091
0.0
0.0227272727273
0.294117647059
0.2
0.24
0.0
0.0588235294118
0.0769230769231
0.0
0.142857142857
0.15
0.235294117647
0.0
0.0277777777778
0.166666666667
0.285714285714
0.0208333333333
0.0434782608696
0.111111111111
0.137931034483
0.0454545454545
0.0833333333333
0.357142857143
0.0
0.35
0.0
0.157894736842
0.24
0.0285714285714
0.0
0.0714285714286
0.2
0.0666666666667
0.0666666666667
0.266666666667
0.416666666667
0.235294117647
0.0434782608696
0.1
0.166666666667
0.416666666667
0.0
0.15
0.285714285714
0.0
0.0357142857143
0.105263157895
0.173913043478
0.1
0.107142857143
0.105263157895
0.142857142857
0.0
0.409090909091
0.0714285714286
0.0
0.166666666667
0.0
0.15
0.0666666666667
0.046511627907
0.047619047619
0.0
0.0
0.0416666666667
0.0588235294118
0.32
0.0625
0.0833333333333
0.615384615385
0.285714285714
0.0
0.0
0.166666666667
0.434782608696
0.166666666667
0.136363636364
0.0
0.0
0.0769230769231
0.0714285714286
0.307692307692
0.125
0.172413793103
0.166666666667
0.0
0.0666666666667
0.1
0.333333333333
0.0
0.0
0.111111111111
0.104166666667
0.266666666667
0.0909090909091
0.0
0.1
0.111111111111
0.0
0.0
0.1
0.0869565217391
0.0357142857143
0.0
0.1
0.0
0.0
0.8
0.05
0.0
0.047619047619
0.333333333333
0.0666666666667
0.153846153846
0.125
0.333333333333
0.148148148148
0.307692307692
0.235294117647
0.0555555555556
0.0666666666667
0.047619047619
0.117647058824
0.333333333333
0.0
0.0
0.12
0.45
0.225806451613
0.133333333333
0.208333333333
0.0526315789474
0.1875
0.875
0.375
0.0
0.0294117647059
0.333333333333
0.0
0.0
0.142857142857
0.2
0.555555555556
0.0
0.166666666667
0.24
0.318181818182
0.2
0.0
0.214285714286
0.357142857143
0.0869565217391
0.217391304348
0.0
0.285714285714
0.0967741935484
0.117647058824
0.307692307692
0.176470588235
0.176470588235
0.1875
0.0
0.176470588235
0.0714285714286
0.166666666667
0.111111111111
0.6
0.2
0.307692307692
0.125
0.375
0.0555555555556
0.190476190476
0.0
0.0714285714286
0.0
0.0909090909091
0.0
0.461538461538
0.142857142857
0.0416666666667
0.0882352941176
0.1
0.181818181818
0.25
0.0606060606061
0.375
0.153846153846
0.142857142857
0.0666666666667
0.166666666667
0.153846153846
0.142857142857
0.0526315789474
0.0
0.285714285714
0.0434782608696
0.24
0.0952380952381
0.133333333333
0.0
0.037037037037
0.0
0.0
0.0
0.285714285714
0.04
0.230769230769
0.0
0.222222222222
0.0625
0.0
0.185185185185
0.105263157895
0.0909090909091
0.111111111111
0.2
0.25
0.0454545454545
0.258064516129
0.0
0.272727272727
0.0909090909091
0.136363636364
0.0333333333333
0.0
0.166666666667
0.111111111111
0.0
0.0833333333333
0.193548387097
0.178571428571
0.285714285714
0.473684210526
0.037037037037
0.0
0.0
0.12
0.0
0.25
0.0263157894737
0.0714285714286
0.05
0.133333333333
0.0666666666667
0.25
0.0
0.0555555555556
0.04
0.205128205128
0.285714285714
0.6
0.105263157895
0.0
0.235294117647
0.5
0.0
0.2
0.0454545454545
0.0
0.0
0.0
0.142857142857
0.0
0.181818181818
0.0
0.0625
0.0344827586207
0.0526315789474
0.230769230769
0.176470588235
0.461538461538
0.0
0.32
0.138888888889
0.25
0.333333333333
0.0
0.111111111111
0.105263157895
0.333333333333
0.461538461538
0.0
0.0571428571429
0.0625
0.0625
0.0
0.075
0.0
0.25
0.230769230769
0.263157894737
0.0
0.0666666666667
0.117647058824
0.0588235294118
0.0
0.28
0.09375
0.411764705882
0.0
0.0588235294118
0.0952380952381
0.176470588235
0.0769230769231
0.6
0.111111111111
0.0
0.0384615384615
0.2
0.315789473684
0.0512820512821
0.0
0.04
0.1875
0.0769230769231
0.03125
0.155555555556
0.125
0.4
0.6
0.2
0.428571428571
0.24
0.111111111111
0.08
0.0
0.0526315789474
0.181818181818
0.128205128205
0.166666666667
0.0
0.333333333333
0.0
0.142857142857
0.157894736842
0.0769230769231
0.166666666667
0.0344827586207
0.117647058824
0.05
0.0952380952381
0.210526315789
0.0606060606061
0.0714285714286
0.0434782608696
0.166666666667
0.0
0.0
0.0952380952381
0.0
0.0
0.0526315789474
0.0434782608696
0.2
0.0
0.0666666666667
0.0
0.333333333333
0.0555555555556
0.0666666666667
0.0
0.142857142857
0.0
0.0588235294118
0.0
0.05
0.1875
0.130434782609
0.0
0.0833333333333
0.125
0.266666666667
0.0
0.260869565217
0.111111111111
0.352941176471
0.588235294118
0.0952380952381
0.0
0.105263157895
0.294117647059
0.111111111111
0.0769230769231
0.0555555555556
0.142857142857
0.1875
0.0
0.0833333333333
0.25
0.0
0.0833333333333
0.210526315789
0.0625
0.0
0.0434782608696
0.363636363636
0.142857142857
0.222222222222
0.222222222222
0.0
0.176470588235
0.230769230769
0.0
0.1875
0.0833333333333
0.166666666667
0.0555555555556
0.0
0.25
0.0
0.3
0.0833333333333
0.0
0.272727272727
0.272727272727
0.0
0.0
0.0
0.6
0.2
0.1
0.04
0.0
0.32
0.15
