0.0
0.0689655172414
0.0
0.0952380952381
0.04
0.235294117647
0.294117647059
0.0
0.117647058824
0.0
0.210526315789
0.0
0.470588235294
0.166666666667
0.0909090909091
0.0
0.272727272727
0.0555555555556
0.0833333333333
0.0
0.241379310345
0.142857142857
0.0
0.0625
0.0909090909091
0.307692307692
0.25
0.0
0.0625
0.0588235294118
0.0869565217391
0.0909090909091
0.217391304348
0.0
0.111111111111
0.0869565217391
0.148148148148
0.0869565217391
0.0
0.0
0.0666666666667
0.0
0.2
0.357142857143
0.117647058824
0.181818181818
0.0952380952381
0.0
0.0769230769231
0.111111111111
0.133333333333
0.166666666667
0.0
0.181818181818
0.0
0.111111111111
0.0
0.0
0.0
0.0
0.333333333333
0.105263157895
0.181818181818
0.24
0.166666666667
0.0
0.157894736842
0.0555555555556
0.025641025641
0.181818181818
0.0
0.027027027027
0.357142857143
0.230769230769
0.4
0.0
0.0967741935484
0.142857142857
0.107142857143
0.0
0.266666666667
0.0555555555556
0.111111111111
0.107142857143
0.263157894737
0.263157894737
0.25
0.3
0.0
0.0769230769231
0.0
0.133333333333
0.130434782609
0.0625
0.0357142857143
0.142857142857
0.125
0.25
0.05
0.181818181818
0.105263157895
0.0882352941176
0.0
0.0714285714286
0.222222222222
0.166666666667
0.0
0.0
0.0
0.142857142857
0.05
0.0909090909091
0.047619047619
0.0
0.136363636364
0.0
0.111111111111
0.115384615385
0.117647058824
0.0285714285714
0.0714285714286
0.0952380952381
0.157894736842
0.0714285714286
0.333333333333
0.08
0.115384615385
0.157894736842
0.0
0.173913043478
0.142857142857
0.0
0.0
0.0666666666667
0.0
0.0
0.166666666667
0.3
0.0
0.0
0.0
0.12
0.1
0.0714285714286
0.0384615384615
0.0
0.153846153846
0.0
0.0
0.0625
0.111111111111
0.0
0.0
0.0909090909091
0.214285714286
0.2
0.030303030303
0.0
0.0434782608696
0.0232558139535
0.222222222222
0.133333333333
0.0769230769231
0.133333333333
0.047619047619
0.0
0.0
0.1
0.0833333333333
0.0
0.166666666667
0.0
0.230769230769
0.0
0.0666666666667
0.0909090909091
0.1
0.166666666667
0.285714285714
0.153846153846
0.136363636364
0.125
0.333333333333
0.0
0.0
0.0
0.0
0.0
0.25
0.285714285714
0.0277777777778
0.0833333333333
0.0434782608696
0.0689655172414
0.0416666666667
0.111111111111
0.0833333333333
0.136363636364
0.222222222222
0.0
0.0
0.0666666666667
0.1
0.363636363636
0.0769230769231
0.0526315789474
0.0714285714286
0.0
0.05
0.0
0.0769230769231
0.0833333333333
0.0454545454545
0.0833333333333
0.296296296296
0.0
0.0
0.117647058824
0.0
0.0384615384615
0.230769230769
0.125
0.166666666667
0.0
0.0
0.333333333333
0.304347826087
0.148148148148
0.142857142857
0.157894736842
0.0645161290323
0.0
0.0
0.0
0.0
0.0434782608696
0.25
0.285714285714
0.0434782608696
0.115384615385
0.294117647059
0.0
0.0769230769231
0.0769230769231
0.0
0.0
0.0555555555556
0.0952380952381
0.0
0.0588235294118
0.0
0.117647058824
0.0833333333333
0.09375
0.181818181818
0.0
0.08
0.0357142857143
0.15
0.125
0.125
0.0
0.0714285714286
0.0666666666667
0.0
0.137931034483
0.2
0.0869565217391
0.0
0.0
0.0434782608696
0.0212765957447
0.0
0.230769230769
0.04
0.0
0.111111111111
0.206896551724
0.0416666666667
0.125
0.0769230769231
0.125
0.111111111111
0.0
0.0
0.117647058824
0.1875
0.0
0.0
0.12
0.0
0.133333333333
0.130434782609
0.0285714285714
0.111111111111
0.235294117647
0.0
0.0
0.0869565217391
0.0434782608696
0.0555555555556
0.0588235294118
0.0
0.0666666666667
0.0
0.0909090909091
0.136363636364
0.0
0.0
0.214285714286
0.0
0.0294117647059
0.0625
0.0
0.0
0.210526315789
0.047619047619
0.0333333333333
0.0666666666667
0.0
0.136363636364
0.0454545454545
0.0
0.04
0.047619047619
0.0588235294118
0.133333333333
0.0444444444444
0.0
0.0
0.0
0.0
0.04
0.0
0.166666666667
0.142857142857
0.142857142857
0.0
0.0
0.1
0.1875
0.125
0.0344827586207
0.0
0.0
0.0344827586207
0.0
0.130434782609
0.107142857143
0.0833333333333
0.0
0.0
0.0
0.6
0.0909090909091
0.0833333333333
0.0909090909091
0.166666666667
0.0
0.0
0.0
0.0
0.0
0.266666666667
0.0666666666667
0.0
0.0909090909091
0.05
0.104166666667
0.0
0.153846153846
0.0
0.1875
0.0714285714286
0.1875
0.0666666666667
0.0769230769231
0.0
0.173913043478
0.0
0.0
0.0666666666667
0.0714285714286
0.0
0.206896551724
0.151515151515
0.0714285714286
0.277777777778
0.2
0.0
0.0416666666667
0.210526315789
0.0588235294118
0.0666666666667
0.153846153846
0.0526315789474
0.0
0.0
0.0
0.0454545454545
0.0
0.0571428571429
0.0
0.0
0.0625
0.0
0.0322580645161
0.0
0.0
0.1
0.0714285714286
0.0769230769231
0.15
0.130434782609
0.136363636364
0.0
0.111111111111
0.0
0.142857142857
0.230769230769
0.0714285714286
0.0769230769231
0.181818181818
0.0833333333333
0.0
0.142857142857
0.0
0.0
0.162162162162
0.190476190476
0.258064516129
0.0666666666667
0.0
0.428571428571
0.0
0.0
0.037037037037
0.3
0.0769230769231
0.0952380952381
0.272727272727
0.176470588235
0.0
0.0588235294118
0.0
0.0833333333333
0.142857142857
0.45
0.133333333333
0.157894736842
0.0
0.0
0.0952380952381
0.0
0.0
0.34375
0.0
0.115384615385
0.0
0.21875
0.0
0.0666666666667
0.0434782608696
0.1
0.0526315789474
0.0
0.114285714286
0.0909090909091
0.3
0.105263157895
0.166666666667
0.189189189189
0.166666666667
0.142857142857
0.0
0.0
0.0
0.0
0.111111111111
0.111111111111
0.0434782608696
0.0689655172414
0.047619047619
0.0714285714286
0.0714285714286
0.153846153846
0.0666666666667
0.0714285714286
0.0
0.115384615385
0.0
0.0909090909091
0.04
0.0
0.0588235294118
0.0
0.0
0.0769230769231
0.1
0.0344827586207
0.0
0.111111111111
0.333333333333
0.260869565217
0.25
0.0
0.172413793103
0.0588235294118
0.137931034483
0.0
0.0
0.0
0.08
0.0
0.260869565217
0.0
0.0833333333333
0.0
0.125
0.0769230769231
0.0
0.0909090909091
0.307692307692
0.0
0.0
0.0
0.0
0.230769230769
0.166666666667
0.0434782608696
0.0
0.0
0.0238095238095
0.0769230769231
0.272727272727
0.027027027027
0.190476190476
0.136363636364
0.2
0.285714285714
0.0
0.0
0.0
0.190476190476
0.176470588235
0.0416666666667
0.260869565217
0.0
0.0
0.133333333333
0.357142857143
0.0
0.222222222222
0.0526315789474
0.125
0.0833333333333
0.0
0.03125
0.047619047619
0.0
0.166666666667
0.0
0.0952380952381
0.2
0.1
0.1
0.0
0.153846153846
0.0769230769231
0.0769230769231
0.05
0.0
0.266666666667
0.0454545454545
0.0833333333333
0.0
0.0
0.2
0.08
0.0769230769231
0.294117647059
0.0384615384615
0.0526315789474
0.047619047619
0.05
0.176470588235
0.0
0.0555555555556
0.0555555555556
0.0
0.0625
0.0652173913043
0.0
0.310344827586
0.181818181818
0.0416666666667
0.142857142857
0.0
0.15
0.1
0.0
0.08
0.0857142857143
0.0869565217391
0.0714285714286
0.0
0.0666666666667
0.466666666667
0.466666666667
0.0833333333333
0.0588235294118
0.173913043478
0.1
0.111111111111
0.0833333333333
0.2
0.35
0.357142857143
0.037037037037
0.0714285714286
0.210526315789
0.260869565217
0.2
0.178571428571
0.105263157895
0.285714285714
0.117647058824
0.454545454545
0.25
0.0909090909091
0.0416666666667
0.153846153846
0.1
0.133333333333
0.116279069767
0.0
0.285714285714
0.0
0.0
0.176470588235
0.0
0.0625
0.0833333333333
0.153846153846
0.0
0.428571428571
0.0277777777778
0.111111111111
0.0434782608696
0.0
0.0
0.125
0.030303030303
0.153846153846
0.0
0.115384615385
0.125
0.206896551724
0.222222222222
0.2
0.0666666666667
0.1
0.0
0.130434782609
0.0
0.138888888889
0.0833333333333
0.0
0.0
0.0
0.1
0.0
0.166666666667
0.0
0.2
0.0
0.0
0.0769230769231
0.0
0.0
0.16
0.0
0.0
0.0909090909091
0.142857142857
0.0
0.333333333333
0.0
0.0
0.0
0.333333333333
0.230769230769
0.411764705882
0.111111111111
0.0666666666667
0.047619047619
0.0588235294118
0.0
0.0833333333333
0.05
0.0
0.05
0.193548387097
0.0
0.0833333333333
0.105263157895
0.1875
0.0
0.0
0.0
0.0
0.0952380952381
0.157894736842
0.0
0.142857142857
0.133333333333
0.0
0.166666666667
0.0
0.16
0.318181818182
0.15
0.0
0.0
0.0714285714286
0.0
0.0869565217391
0.0
0.571428571429
0.0967741935484
0.0588235294118
0.153846153846
0.235294117647
0.0588235294118
0.0625
0.0
0.117647058824
0.0714285714286
0.291666666667
0.0
0.133333333333
0.2
0.153846153846
0.0
0.0625
0.111111111111
0.142857142857
0.172413793103
0.107142857143
0.0
0.0454545454545
0.0
0.153846153846
0.0
0.0
0.176470588235
0.3
0.136363636364
0.0
0.151515151515
0.125
0.0384615384615
0.0
0.133333333333
0.0
0.153846153846
0.0
0.0
0.037037037037
0.0
0.0
0.28
0.0
0.133333333333
0.0
0.0740740740741
0.25
0.03125
0.111111111111
0.0714285714286
0.0
0.0384615384615
0.0
0.0
0.0
0.025
0.0740740740741
0.0
0.363636363636
0.0
0.266666666667
0.0
0.0
0.0
0.0689655172414
0.0909090909091
0.0909090909091
0.0909090909091
0.266666666667
0.0
0.166666666667
0.0
0.05
0.0833333333333
0.129032258065
0.0
0.142857142857
0.0
0.111111111111
0.0
0.0
0.16
0.0666666666667
0.0
0.0
0.0714285714286
0.2
0.133333333333
0.266666666667
0.0
0.0769230769231
0.0
0.08
0.128205128205
0.0
0.0
0.0526315789474
0.0833333333333
0.294117647059
0.1
0.307692307692
0.2
0.227272727273
0.0909090909091
0.0
0.0
0.0
0.0357142857143
0.181818181818
0.105263157895
0.1875
0.275862068966
0.105263157895
0.0
0.0588235294118
0.0
0.0344827586207
0.12
0.0555555555556
0.166666666667
0.277777777778
0.0555555555556
0.111111111111
0.157894736842
0.0952380952381
0.153846153846
0.0512820512821
0.0857142857143
0.0
0.0
0.0
0.15
0.0
0.125
0.0
0.157894736842
0.0
0.0
0.352941176471
0.0588235294118
0.0714285714286
0.12
0.09375
0.235294117647
0.0277777777778
0.235294117647
0.285714285714
0.0588235294118
0.307692307692
0.0
0.0
0.125
0.0
0.05
0.105263157895
0.0512820512821
0.0
0.0
0.0
0.384615384615
0.03125
0.0222222222222
0.0
0.0
0.0
0.1
0.0
0.12
0.277777777778
0.16
0.161290322581
0.0526315789474
0.272727272727
0.0
0.0833333333333
0.0
0.0
0.0
0.0
0.0526315789474
0.0
0.166666666667
0.0344827586207
0.0588235294118
0.0
0.380952380952
0.157894736842
0.0606060606061
0.0714285714286
0.173913043478
0.0
0.0
0.037037037037
0.0952380952381
0.0
0.0
0.0
0.0434782608696
0.2
0.0
0.0
0.0
0.222222222222
0.111111111111
0.0666666666667
0.115384615385
0.0714285714286
0.25
0.117647058824
0.0
0.0
0.0
0.217391304348
0.25
0.0833333333333
0.0
0.266666666667
0.0
0.347826086957
0.0
0.117647058824
0.0
0.190476190476
0.0
0.0526315789474
0.117647058824
0.111111111111
0.0769230769231
0.166666666667
0.142857142857
0.0625
0.0
0.0
0.125
0.461538461538
0.166666666667
0.0526315789474
0.0
0.454545454545
0.0434782608696
0.0909090909091
0.0
0.111111111111
0.111111111111
0.0294117647059
0.0
0.153846153846
0.0
0.0
0.0833333333333
0.0555555555556
0.111111111111
0.0344827586207
0.125
0.0
0.1
0.0833333333333
0.0
0.0
0.181818181818
0.0714285714286
0.117647058824
0.0714285714286
0.1
0.0
0.0
0.16
0.0
0.16
0.05
