0.0384615384615
0.0344827586207
0.142857142857
0.0952380952381
0.2
0.294117647059
0.176470588235
0.157894736842
0.0
0.0
0.0526315789474
0.117647058824
0.705882352941
0.166666666667
0.181818181818
0.0
0.0909090909091
0.0555555555556
0.25
0.0
0.172413793103
0.142857142857
0.0
0.25
0.212121212121
0.153846153846
0.625
0.0
0.1875
0.0588235294118
0.391304347826
0.0
0.304347826087
0.0
0.333333333333
0.173913043478
0.185185185185
0.0434782608696
0.0
0.0
0.4
0.0
0.3
0.214285714286
0.0588235294118
0.272727272727
0.0
0.0
0.0769230769231
0.333333333333
0.333333333333
0.222222222222
0.0666666666667
0.0
0.0
0.333333333333
0.0555555555556
0.125
0.0333333333333
0.0
0.555555555556
0.473684210526
0.181818181818
0.32
0.125
0.0714285714286
0.263157894737
0.166666666667
0.282051282051
0.0909090909091
0.0
0.0810810810811
0.0
0.192307692308
0.133333333333
0.142857142857
0.0322580645161
0.142857142857
0.25
0.0666666666667
0.0
0.166666666667
0.0
0.107142857143
0.210526315789
0.0
0.5625
0.2
0.307692307692
0.0
0.0526315789474
0.133333333333
0.0434782608696
0.1875
0.0714285714286
0.214285714286
0.166666666667
0.166666666667
0.05
0.363636363636
0.210526315789
0.0294117647059
0.0606060606061
0.0
0.222222222222
0.666666666667
0.05
0.230769230769
0.0
0.0714285714286
0.05
0.0
0.238095238095
0.0
0.0
0.666666666667
0.333333333333
0.346153846154
0.470588235294
0.0857142857143
0.142857142857
0.190476190476
0.0526315789474
0.107142857143
0.333333333333
0.08
0.0769230769231
0.315789473684
0.0
0.217391304348
0.0
0.352941176471
0.1
0.333333333333
0.0625
0.0
0.0
0.15
0.0
0.125
0.136363636364
0.08
0.35
0.25
0.115384615385
0.192307692308
0.153846153846
0.2
0.379310344828
0.1875
0.166666666667
0.0833333333333
0.454545454545
0.0
0.142857142857
0.2
0.0909090909091
0.210526315789
0.434782608696
0.162790697674
0.222222222222
0.166666666667
0.230769230769
0.133333333333
0.047619047619
0.25
0.0
0.15
0.25
0.0
0.291666666667
0.4
0.192307692308
0.0869565217391
0.0666666666667
0.272727272727
0.1
0.0833333333333
0.2
0.0
0.227272727273
0.0
0.2
0.666666666667
0.0
0.157894736842
0.111111111111
0.0666666666667
0.125
0.0714285714286
0.0833333333333
0.0
0.0869565217391
0.0689655172414
0.0833333333333
0.0555555555556
0.166666666667
0.181818181818
0.0
0.357142857143
0.0540540540541
0.0
0.05
0.272727272727
0.230769230769
0.368421052632
0.285714285714
0.428571428571
0.0
0.0714285714286
0.115384615385
0.0833333333333
0.0454545454545
0.0833333333333
0.037037037037
0.0
0.0526315789474
0.117647058824
0.333333333333
0.153846153846
0.115384615385
0.0625
0.0555555555556
0.0769230769231
0.16
0.166666666667
0.0869565217391
0.037037037037
0.285714285714
0.105263157895
0.322580645161
0.272727272727
0.1
0.0588235294118
0.0
0.0434782608696
0.0
0.25
0.0869565217391
0.153846153846
0.294117647059
0.285714285714
0.0384615384615
0.0769230769231
0.470588235294
0.0
0.111111111111
0.0952380952381
0.117647058824
0.0588235294118
0.137931034483
0.117647058824
0.0833333333333
0.0625
0.272727272727
0.578947368421
0.08
0.0357142857143
0.25
0.0
0.0
0.947368421053
0.107142857143
0.0666666666667
0.0769230769231
0.206896551724
0.333333333333
0.0869565217391
0.1875
0.166666666667
0.217391304348
0.0425531914894
0.190476190476
0.153846153846
0.28
0.0
0.222222222222
0.206896551724
0.0
0.0625
0.0384615384615
0.25
0.333333333333
0.0714285714286
0.0
0.0588235294118
0.0625
0.0909090909091
0.047619047619
0.2
0.214285714286
0.166666666667
0.173913043478
0.0571428571429
0.222222222222
0.0
0.04
0.0
0.0434782608696
0.0
0.0555555555556
0.0
0.0952380952381
0.0
0.0
0.454545454545
0.227272727273
0.0
0.333333333333
0.285714285714
0.0909090909091
0.0882352941176
0.0625
0.0769230769231
0.222222222222
0.157894736842
0.142857142857
0.0666666666667
0.266666666667
0.190476190476
0.0909090909091
0.0454545454545
0.0
0.0
0.0
0.0588235294118
0.0666666666667
0.222222222222
0.0
0.181818181818
0.227272727273
0.285714285714
0.08
0.222222222222
0.0
0.142857142857
0.0
0.272727272727
0.1
0.05
0.125
0.125
0.0689655172414
0.285714285714
0.5
0.0689655172414
0.0
0.0869565217391
0.107142857143
0.0
0.0625
0.0434782608696
0.222222222222
0.6
0.181818181818
0.25
0.181818181818
0.111111111111
0.0
0.1875
0.5
0.333333333333
0.277777777778
0.0666666666667
0.0666666666667
0.176470588235
0.409090909091
0.2
0.0416666666667
0.0
0.384615384615
0.25
0.125
0.107142857143
0.0625
0.0222222222222
0.0
0.0555555555556
0.260869565217
0.1
0.5
0.333333333333
0.0714285714286
0.08
0.172413793103
0.121212121212
0.0
0.5
0.0
0.0
0.125
0.157894736842
0.147058823529
0.2
0.0769230769231
0.0526315789474
0.461538461538
0.8
0.0
0.0454545454545
0.0
0.0285714285714
0.5
0.0
0.25
0.2
0.0
0.04
0.210526315789
0.25
0.142857142857
0.153846153846
0.2
0.0434782608696
0.272727272727
0.0833333333333
0.0277777777778
0.333333333333
0.428571428571
0.0
0.0714285714286
0.230769230769
0.0909090909091
0.0833333333333
0.142857142857
0.47619047619
0.0
0.0
0.0540540540541
0.190476190476
0.0967741935484
0.2
0.0
0.142857142857
0.142857142857
0.105263157895
0.037037037037
0.2
0.307692307692
0.142857142857
0.0
0.294117647059
0.0
0.117647058824
0.0
0.583333333333
0.142857142857
0.2
0.2
0.157894736842
0.0
0.25
0.0952380952381
0.111111111111
0.0
0.0625
0.25
0.153846153846
0.0833333333333
0.1875
0.0769230769231
0.4
0.391304347826
0.2
0.0
0.0
0.0285714285714
0.0
0.05
0.0526315789474
0.291666666667
0.297297297297
0.666666666667
0.285714285714
0.571428571429
0.260869565217
0.0
0.0
0.333333333333
0.166666666667
0.0434782608696
0.172413793103
0.047619047619
0.428571428571
0.214285714286
0.0769230769231
0.0666666666667
0.0714285714286
0.0
0.0769230769231
0.214285714286
0.181818181818
0.2
0.285714285714
0.0
0.157894736842
0.5
0.0769230769231
0.0
0.0689655172414
0.0263157894737
0.0
0.833333333333
0.0434782608696
0.583333333333
0.0909090909091
0.206896551724
0.294117647059
0.0689655172414
0.142857142857
0.1875
0.03125
0.12
0.125
0.173913043478
0.733333333333
0.0
0.0625
0.0
0.115384615385
0.133333333333
0.0909090909091
0.0769230769231
0.25
0.1875
0.0
0.166666666667
0.230769230769
0.0555555555556
0.0869565217391
0.461538461538
0.111111111111
0.166666666667
0.0
0.0
0.027027027027
0.333333333333
0.0
0.15
0.142857142857
0.4
0.428571428571
0.0357142857143
0.142857142857
0.294117647059
0.125
0.0434782608696
0.1875
0.285714285714
0.133333333333
0.0714285714286
0.0
0.111111111111
0.263157894737
0.0
0.291666666667
0.181818181818
0.0625
0.142857142857
0.8
0.444444444444
0.142857142857
0.047619047619
0.4
0.0666666666667
0.0
0.4
0.153846153846
0.0
0.153846153846
0.2
0.322580645161
0.0666666666667
0.0454545454545
0.0833333333333
0.0
0.0
0.35
0.04
0.0
0.411764705882
0.0384615384615
0.368421052632
0.142857142857
0.1
0.294117647059
0.0
0.0
0.222222222222
0.285714285714
0.0208333333333
0.0
0.444444444444
0.137931034483
0.409090909091
0.0416666666667
0.214285714286
0.444444444444
0.3
0.35
0.0526315789474
0.04
0.0
0.0869565217391
0.142857142857
0.0666666666667
0.133333333333
0.2
0.0666666666667
0.0833333333333
0.470588235294
0.217391304348
0.2
0.166666666667
0.25
0.0857142857143
0.45
0.214285714286
0.0740740740741
0.25
0.0
0.391304347826
0.3
0.107142857143
0.157894736842
0.0714285714286
0.176470588235
0.181818181818
0.214285714286
0.0
0.25
0.230769230769
0.4
0.0
0.0
0.142857142857
0.0
0.0869565217391
0.0833333333333
0.235294117647
0.04
0.125
0.416666666667
0.0769230769231
0.428571428571
0.571428571429
0.0833333333333
0.111111111111
0.304347826087
0.0
0.181818181818
0.0
0.0
0.230769230769
0.0
0.423076923077
0.208333333333
0.137931034483
0.166666666667
0.0
0.0666666666667
0.2
0.25
0.0434782608696
0.0
0.0
0.0625
0.133333333333
0.181818181818
0.0769230769231
0.2
0.111111111111
0.333333333333
0.0
0.0
0.304347826087
0.0
0.0769230769231
0.0
0.0
0.2
0.4
0.05
0.0
0.238095238095
0.25
0.2
0.0769230769231
0.375
0.333333333333
0.148148148148
0.384615384615
0.352941176471
0.0
0.0
0.047619047619
0.294117647059
0.166666666667
0.0
0.15
0.24
0.2
0.0645161290323
0.133333333333
0.0
0.157894736842
0.0625
0.25
0.21875
0.0833333333333
0.0588235294118
0.047619047619
0.263157894737
0.0
0.0714285714286
0.266666666667
0.0
0.0833333333333
0.0
0.2
0.181818181818
0.05
0.111111111111
0.0714285714286
0.0
0.173913043478
0.347826086957
0.21875
0.285714285714
0.0
0.176470588235
0.0769230769231
0.235294117647
0.0588235294118
0.1875
0.0625
0.0
0.0714285714286
0.0833333333333
0.277777777778
0.266666666667
0.2
0.0769230769231
0.0
0.25
0.0
0.333333333333
0.206896551724
0.0714285714286
0.0909090909091
0.0
0.166666666667
0.153846153846
0.0
0.166666666667
0.0882352941176
0.3
0.227272727273
0.0
0.0606060606061
0.458333333333
0.192307692308
0.0714285714286
0.0
0.166666666667
0.0
0.214285714286
0.263157894737
0.0
0.142857142857
0.0
0.08
0.190476190476
0.0
0.4
0.0
0.0
0.125
0.0740740740741
0.0714285714286
0.04
0.0769230769231
0.0
0.222222222222
0.0625
0.0
0.444444444444
0.263157894737
0.0
0.111111111111
0.266666666667
0.0625
0.0454545454545
0.0322580645161
0.137931034483
0.0909090909091
0.136363636364
0.0
0.166666666667
0.0
0.0333333333333
0.111111111111
0.0
0.0833333333333
0.0645161290323
0.214285714286
0.0714285714286
0.0526315789474
0.111111111111
0.0
0.0
0.28
0.0666666666667
0.0625
0.0789473684211
0.0714285714286
0.3
0.0
0.133333333333
0.25
0.0384615384615
0.444444444444
0.16
0.0512820512821
0.0714285714286
0.2
0.0
0.333333333333
0.294117647059
0.4
0.307692307692
0.4
0.0454545454545
0.272727272727
0.0714285714286
0.285714285714
0.047619047619
0.142857142857
0.181818181818
0.0526315789474
0.0
0.206896551724
0.157894736842
0.269230769231
0.0
0.461538461538
0.172413793103
0.2
0.277777777778
0.0
0.333333333333
0.111111111111
0.0
0.421052631579
0.285714285714
0.384615384615
0.0769230769231
0.142857142857
0.0625
0.0625
0.0
0.025
0.0
0.0625
0.230769230769
0.263157894737
0.0
0.2
0.117647058824
0.117647058824
0.0
0.28
0.0
0.0588235294118
0.0555555555556
0.0588235294118
0.142857142857
0.0
0.153846153846
0.6
0.111111111111
0.125
0.0769230769231
0.1
0.0
0.0769230769231
0.0666666666667
0.4
0.0
0.576923076923
0.0
0.0666666666667
0.1875
0.2
0.1
0.0
0.214285714286
0.2
0.388888888889
0.24
0.225806451613
0.105263157895
0.136363636364
0.025641025641
0.0833333333333
0.0277777777778
0.0
0.0
0.0
0.0526315789474
0.0
0.0
0.172413793103
0.117647058824
0.05
0.238095238095
0.263157894737
0.151515151515
0.0714285714286
0.0434782608696
0.25
0.0
0.0740740740741
0.0952380952381
0.0833333333333
0.0
0.105263157895
0.0434782608696
0.0
0.0
0.466666666667
0.0
0.166666666667
0.222222222222
0.2
0.115384615385
0.357142857143
0.35
0.0
0.0
0.1
0.0
0.0434782608696
0.0
0.666666666667
0.125
0.333333333333
0.0606060606061
0.0869565217391
0.277777777778
0.235294117647
0.352941176471
0.380952380952
0.142857142857
0.105263157895
0.117647058824
0.0
0.0769230769231
0.111111111111
0.357142857143
0.0
0.0
0.0833333333333
0.25
0.0
0.0
0.0526315789474
0.0
0.0
0.130434782609
0.363636363636
0.285714285714
0.333333333333
0.0555555555556
0.0588235294118
0.294117647059
0.307692307692
0.0
0.0
0.0
0.277777777778
0.111111111111
0.0344827586207
0.0
0.030303030303
0.4
0.125
0.0
0.363636363636
0.0909090909091
0.285714285714
0.0588235294118
0.214285714286
0.1
0.0
0.2
0.32
0.0
0.2
0.0
