0.346153846154
0.206896551724
0.142857142857
0.0952380952381
0.12
0.470588235294
0.0588235294118
0.105263157895
0.588235294118
0.133333333333
0.210526315789
0.0588235294118
0.235294117647
0.25
0.363636363636
0.0
0.363636363636
0.388888888889
0.0
0.368421052632
0.103448275862
0.142857142857
0.222222222222
0.25
0.0909090909091
0.384615384615
0.0
0.454545454545
0.125
0.117647058824
0.347826086957
0.0909090909091
0.0869565217391
0.0588235294118
0.333333333333
0.304347826087
0.259259259259
0.0434782608696
0.0
0.307692307692
0.266666666667
0.0
0.2
0.285714285714
0.352941176471
0.0
0.190476190476
0.25
0.192307692308
0.222222222222
0.0
0.5
0.0666666666667
0.0
0.0810810810811
0.111111111111
0.0555555555556
0.1875
0.0333333333333
0.0
0.111111111111
0.0526315789474
0.0
0.08
0.125
0.0357142857143
0.263157894737
0.166666666667
0.102564102564
0.0454545454545
0.230769230769
0.0
0.0
0.0769230769231
0.266666666667
0.0952380952381
0.161290322581
0.214285714286
0.178571428571
0.333333333333
0.2
0.222222222222
0.333333333333
0.142857142857
0.157894736842
0.157894736842
0.125
0.3
0.230769230769
0.0769230769231
0.263157894737
0.2
0.347826086957
0.5
0.0714285714286
0.285714285714
0.375
0.0
0.1
0.181818181818
0.105263157895
0.0588235294118
0.0606060606061
0.357142857143
0.111111111111
0.166666666667
0.025
0.0769230769231
0.0357142857143
0.0
0.05
0.0454545454545
0.0952380952381
0.0
0.136363636364
0.0
0.166666666667
0.115384615385
0.117647058824
0.0285714285714
0.285714285714
0.142857142857
0.368421052632
0.214285714286
0.0
0.12
0.192307692308
0.210526315789
0.0
0.347826086957
0.142857142857
0.117647058824
0.0
0.0666666666667
0.09375
0.0
0.222222222222
0.35
0.111111111111
0.375
0.136363636364
0.12
0.15
0.178571428571
0.230769230769
0.0384615384615
0.461538461538
0.266666666667
0.0344827586207
0.0625
0.222222222222
0.416666666667
0.0909090909091
0.363636363636
0.214285714286
0.1
0.030303030303
0.210526315789
0.434782608696
0.093023255814
0.0555555555556
0.1
0.153846153846
0.133333333333
0.0
0.25
0.142857142857
0.05
0.291666666667
0.0714285714286
0.125
0.0
0.0769230769231
0.260869565217
0.0666666666667
0.0909090909091
0.3
0.75
0.0
0.0769230769231
0.0909090909091
0.0
0.266666666667
0.555555555556
0.05
0.210526315789
0.0
0.0
0.0416666666667
0.5
0.0555555555556
0.166666666667
0.130434782609
0.103448275862
0.166666666667
0.0
0.416666666667
0.0909090909091
0.166666666667
0.214285714286
0.0
0.133333333333
0.1
0.272727272727
0.153846153846
0.368421052632
0.0714285714286
0.357142857143
0.1
0.214285714286
0.0769230769231
0.25
0.136363636364
0.166666666667
0.0
0.0
0.0
0.117647058824
0.166666666667
0.307692307692
0.115384615385
0.0625
0.277777777778
0.153846153846
0.16
0.666666666667
0.0434782608696
0.222222222222
0.333333333333
0.0789473684211
0.161290322581
0.0909090909091
0.5
0.0
0.0
0.0434782608696
0.125
0.0714285714286
0.0
0.153846153846
0.470588235294
0.0952380952381
0.0769230769231
0.153846153846
0.411764705882
0.333333333333
0.111111111111
0.190476190476
0.352941176471
0.352941176471
0.0344827586207
0.0588235294118
0.25
0.09375
0.0909090909091
0.0
0.12
0.285714285714
0.0
0.125
0.5
0.157894736842
0.357142857143
0.177777777778
0.153846153846
0.310344827586
0.333333333333
0.0434782608696
0.1875
0.0
0.0869565217391
0.0425531914894
0.333333333333
0.307692307692
0.0
0.05
0.222222222222
0.0689655172414
0.0
0.15625
0.115384615385
0.0833333333333
0.0
0.214285714286
0.333333333333
0.117647058824
0.75
0.0
0.238095238095
0.08
0.0714285714286
0.166666666667
0.173913043478
0.0571428571429
0.555555555556
0.235294117647
0.2
0.0
0.0
0.0434782608696
0.333333333333
0.176470588235
0.0
0.133333333333
0.0
0.0
0.318181818182
0.0
0.416666666667
0.428571428571
0.363636363636
0.117647058824
0.125
0.0769230769231
0.277777777778
0.0
0.0952380952381
0.0666666666667
0.466666666667
0.0952380952381
0.136363636364
0.0454545454545
0.0
0.08
0.142857142857
0.0294117647059
0.133333333333
0.177777777778
0.0333333333333
0.363636363636
0.0454545454545
0.0
0.0
0.0
0.333333333333
0.0952380952381
0.214285714286
0.0909090909091
0.35
0.15
0.1875
0.125
0.241379310345
0.142857142857
0.0
0.0689655172414
0.0625
0.0
0.142857142857
0.5
0.0625
0.0217391304348
0.111111111111
0.133333333333
0.181818181818
0.125
0.0
0.222222222222
0.0689655172414
0.125
0.0
0.444444444444
0.111111111111
0.266666666667
0.0
0.529411764706
0.227272727273
0.0
0.0833333333333
0.166666666667
0.307692307692
0.125
0.375
0.178571428571
0.0
0.133333333333
0.230769230769
0.0
0.130434782609
0.1
0.3
0.333333333333
0.142857142857
0.08
0.344827586207
0.242424242424
0.107142857143
0.166666666667
0.4
0.363636363636
0.0833333333333
0.157894736842
0.0588235294118
0.0666666666667
0.307692307692
0.315789473684
0.307692307692
0.0
0.111111111111
0.0909090909091
0.0
0.0571428571429
0.0
0.333333333333
0.25
0.35
0.0
0.08
0.421052631579
0.25
0.142857142857
0.0769230769231
0.1
0.0
0.5
0.416666666667
0.0555555555556
0.0
0.285714285714
0.230769230769
0.0
0.0
0.0454545454545
0.166666666667
0.380952380952
0.190476190476
0.105263157895
0.214285714286
0.0540540540541
0.0952380952381
0.0967741935484
0.266666666667
0.0357142857143
0.214285714286
0.285714285714
0.0526315789474
0.111111111111
0.15
0.0769230769231
0.142857142857
0.0909090909091
0.411764705882
0.0714285714286
0.235294117647
0.285714285714
0.5
0.357142857143
0.1
0.266666666667
0.368421052632
0.2
0.125
0.285714285714
0.333333333333
0.0
0.03125
0.125
0.0
0.25
0.0625
0.192307692308
0.133333333333
0.0434782608696
0.2
0.105263157895
0.136363636364
0.0857142857143
0.363636363636
0.1
0.0526315789474
0.0833333333333
0.297297297297
0.333333333333
0.142857142857
0.142857142857
0.217391304348
0.0
0.0
0.111111111111
0.0555555555556
0.173913043478
0.137931034483
0.238095238095
0.214285714286
0.285714285714
0.153846153846
0.0666666666667
0.142857142857
0.0454545454545
0.192307692308
0.25
0.181818181818
0.16
0.428571428571
0.294117647059
0.210526315789
0.5
0.0
0.1
0.0
0.0263157894737
0.111111111111
0.166666666667
0.347826086957
0.583333333333
0.181818181818
0.0689655172414
0.0
0.172413793103
0.0
0.0
0.0625
0.2
0.1875
0.260869565217
0.4
0.416666666667
0.1875
0.125
0.0769230769231
0.0666666666667
0.0
0.0384615384615
0.0833333333333
0.125
0.0
0.0
0.0769230769231
0.277777777778
0.130434782609
0.461538461538
0.0
0.0238095238095
0.0769230769231
0.0909090909091
0.027027027027
0.571428571429
0.363636363636
0.1
0.25
0.2
0.428571428571
0.142857142857
0.0952380952381
0.176470588235
0.125
0.173913043478
0.1875
0.285714285714
0.0666666666667
0.357142857143
0.0
0.0555555555556
0.0526315789474
0.375
0.125
0.454545454545
0.0
0.166666666667
0.0
0.166666666667
0.0
0.238095238095
0.0
0.1
0.05
0.3
0.153846153846
0.153846153846
0.384615384615
0.45
0.161290322581
0.466666666667
0.136363636364
0.25
0.0
0.352941176471
0.25
0.28
0.0
0.117647058824
0.230769230769
0.0
0.190476190476
0.05
0.352941176471
0.0454545454545
0.0277777777778
0.0555555555556
0.142857142857
0.1875
0.0652173913043
0.111111111111
0.448275862069
0.136363636364
0.0
0.142857142857
0.0
0.4
0.3
0.105263157895
0.4
0.0285714285714
0.0
0.214285714286
0.4
0.133333333333
0.2
0.133333333333
0.583333333333
0.235294117647
0.260869565217
0.0
0.222222222222
0.333333333333
0.0857142857143
0.15
0.285714285714
0.148148148148
0.0
0.263157894737
0.173913043478
0.6
0.142857142857
0.315789473684
0.0
0.235294117647
0.272727272727
0.285714285714
0.0909090909091
0.291666666667
0.153846153846
0.1
0.2
0.046511627907
0.0
0.571428571429
0.0
0.0416666666667
0.117647058824
0.2
0.0
0.166666666667
0.692307692308
0.642857142857
0.285714285714
0.138888888889
0.111111111111
0.347826086957
0.166666666667
0.0454545454545
0.125
0.0
0.0
0.0714285714286
0.307692307692
0.0416666666667
0.310344827586
0.222222222222
0.0
0.0666666666667
0.3
0.166666666667
0.217391304348
0.333333333333
0.0555555555556
0.104166666667
0.0
0.0
0.0
0.1
0.222222222222
0.333333333333
0.375
0.4
0.130434782609
0.107142857143
0.0769230769231
0.4
0.235294117647
0.08
0.0
0.25
0.0909090909091
0.190476190476
0.0833333333333
0.333333333333
0.307692307692
0.125
0.5
0.148148148148
0.153846153846
0.411764705882
0.0555555555556
0.6
0.190476190476
0.235294117647
0.166666666667
0.0
0.15
0.08
0.2
0.129032258065
0.266666666667
0.208333333333
0.210526315789
0.125
0.5
0.28125
0.0
0.0294117647059
0.190476190476
0.0526315789474
0.0
0.214285714286
0.333333333333
0.333333333333
0.166666666667
0.0833333333333
0.0
0.272727272727
0.25
0.0
0.0
0.285714285714
0.173913043478
0.173913043478
0.0
0.214285714286
0.193548387097
0.0588235294118
0.307692307692
0.294117647059
0.352941176471
0.5625
0.0625
0.411764705882
0.142857142857
0.125
0.277777777778
0.2
0.2
0.115384615385
0.0625
0.25
0.166666666667
0.285714285714
0.172413793103
0.0714285714286
0.0
0.272727272727
0.0
0.538461538462
0.285714285714
0.291666666667
0.205882352941
0.1
0.272727272727
0.25
0.121212121212
0.166666666667
0.192307692308
0.214285714286
0.466666666667
0.0
0.384615384615
0.0714285714286
0.157894736842
0.0
0.0
0.0434782608696
0.12
0.0952380952381
0.133333333333
0.4
0.037037037037
0.25
0.1875
0.185185185185
0.428571428571
0.0
0.153846153846
0.0357142857143
0.222222222222
0.0
0.025
0.148148148148
0.368421052632
0.272727272727
0.185185185185
0.0666666666667
0.1875
0.0
0.258064516129
0.0344827586207
0.181818181818
0.136363636364
0.227272727273
0.3
0.0
0.2
0.111111111111
0.05
0.166666666667
0.290322580645
0.321428571429
0.0
0.157894736842
0.222222222222
0.0
0.0
0.4
0.0
0.5
0.0526315789474
0.142857142857
0.3
0.333333333333
0.266666666667
0.125
0.0
0.111111111111
0.32
0.0769230769231
0.214285714286
0.6
0.157894736842
0.0
0.352941176471
0.4
0.0769230769231
0.2
0.272727272727
0.181818181818
0.0
0.142857142857
0.047619047619
0.0357142857143
0.0909090909091
0.0
0.0
0.172413793103
0.0526315789474
0.0384615384615
0.176470588235
0.230769230769
0.0344827586207
0.36
0.166666666667
0.0
0.277777777778
0.111111111111
0.222222222222
0.210526315789
0.142857142857
0.153846153846
0.0769230769231
0.0285714285714
0.0625
0.0
0.0
0.075
0.142857142857
0.1875
0.230769230769
0.526315789474
0.0
0.2
0.294117647059
0.0588235294118
0.5
0.04
0.03125
0.352941176471
0.0555555555556
0.0588235294118
0.142857142857
0.176470588235
0.307692307692
0.0
0.555555555556
0.0
0.0
0.6
0.368421052632
0.102564102564
0.0
0.04
0.0
0.115384615385
0.0625
0.355555555556
0.125
0.0
0.4
0.5
0.285714285714
0.16
0.111111111111
0.0
0.225806451613
0.0
0.227272727273
0.0
0.166666666667
0.0277777777778
0.111111111111
0.0
0.0
0.368421052632
0.0
0.0555555555556
0.137931034483
0.176470588235
0.05
0.333333333333
0.263157894737
0.121212121212
0.0
0.0434782608696
0.416666666667
0.0
0.0740740740741
0.142857142857
0.0833333333333
0.0
0.157894736842
0.130434782609
0.0
0.272727272727
0.266666666667
0.0
0.166666666667
0.166666666667
0.0666666666667
0.0
0.285714285714
0.15
0.235294117647
0.428571428571
0.2
0.25
0.217391304348
0.0
0.25
0.0
0.333333333333
0.0
0.173913043478
0.444444444444
0.176470588235
0.470588235294
0.0952380952381
0.0714285714286
0.0
0.0588235294118
0.0
0.153846153846
0.0
0.0
0.125
0.0
0.0833333333333
0.125
0.0769230769231
0.333333333333
0.157894736842
0.0625
0.0
0.0
0.545454545455
0.285714285714
0.0
0.166666666667
0.0
0.411764705882
0.307692307692
0.0322580645161
0.0
0.416666666667
0.277777777778
0.0555555555556
0.0689655172414
0.25
0.0
0.0
0.0833333333333
0.0
0.0909090909091
0.272727272727
0.142857142857
0.0
0.0714285714286
0.2
0.3
0.466666666667
0.04
0.2
0.68
0.55
