0.0
0.0689655172414
0.0
0.0
0.28
0.352941176471
0.0588235294118
0.0
0.235294117647
0.0
0.105263157895
0.0
0.117647058824
0.0
0.181818181818
0.0
0.272727272727
0.0
0.0
0.0526315789474
0.103448275862
0.142857142857
0.0
0.125
0.030303030303
0.0
0.5
0.0909090909091
0.125
0.0588235294118
0.0869565217391
0.0
0.217391304348
0.0588235294118
0.222222222222
0.260869565217
0.0740740740741
0.0434782608696
0.0
0.0
0.133333333333
0.0
0.1
0.0714285714286
0.0
0.181818181818
0.0
0.0
0.0384615384615
0.111111111111
0.0
0.0555555555556
0.133333333333
0.0
0.027027027027
0.0
0.0555555555556
0.0625
0.133333333333
0.0606060606061
0.0
0.210526315789
0.0909090909091
0.16
0.0833333333333
0.0357142857143
0.157894736842
0.0
0.102564102564
0.0
0.0
0.0
0.0
0.0384615384615
0.0666666666667
0.047619047619
0.0322580645161
0.0
0.0357142857143
0.0666666666667
0.133333333333
0.0555555555556
0.0555555555556
0.107142857143
0.263157894737
0.0526315789474
0.1875
0.2
0.0
0.0
0.157894736842
0.0
0.173913043478
0.25
0.0
0.142857142857
0.0833333333333
0.0416666666667
0.1
0.181818181818
0.0526315789474
0.0
0.0606060606061
0.0
0.0
0.0
0.0
0.0
0.0
0.0
0.25
0.0
0.047619047619
0.0
0.0454545454545
0.0
0.111111111111
0.0384615384615
0.0588235294118
0.0
0.142857142857
0.142857142857
0.105263157895
0.214285714286
0.0
0.12
0.0
0.105263157895
0.030303030303
0.0434782608696
0.142857142857
0.117647058824
0.1
0.0666666666667
0.0
0.0
0.0
0.1
0.333333333333
0.0625
0.181818181818
0.04
0.1
0.0
0.0
0.153846153846
0.230769230769
0.0666666666667
0.206896551724
0.3125
0.166666666667
0.0833333333333
0.0454545454545
0.181818181818
0.0714285714286
0.2
0.0
0.0
0.130434782609
0.0697674418605
0.0555555555556
0.0333333333333
0.0
0.0666666666667
0.142857142857
0.125
0.0
0.1
0.0
0.0
0.166666666667
0.0
0.0
0.0
0.0
0.0
0.05
0.166666666667
0.0285714285714
0.153846153846
0.0909090909091
0.1875
0.0
0.0
0.0
0.0526315789474
0.0
0.0
0.0
0.142857142857
0.0
0.0833333333333
0.0869565217391
0.0689655172414
0.0
0.0555555555556
0.166666666667
0.0454545454545
0.166666666667
0.142857142857
0.0
0.0
0.025
0.0
0.0
0.0526315789474
0.0
0.214285714286
0.0
0.0
0.0
0.166666666667
0.0454545454545
0.0
0.0
0.0555555555556
0.0
0.0
0.0833333333333
0.0
0.307692307692
0.0
0.166666666667
0.0
0.04
0.0833333333333
0.0434782608696
0.0
0.285714285714
0.0263157894737
0.0322580645161
0.0
0.1
0.117647058824
0.0
0.0
0.0
0.142857142857
0.0434782608696
0.0
0.0588235294118
0.047619047619
0.0384615384615
0.115384615385
0.235294117647
0.222222222222
0.0555555555556
0.0
0.117647058824
0.235294117647
0.0
0.176470588235
0.333333333333
0.1875
0.0
0.0526315789474
0.08
0.0
0.1
0.0
0.0
0.0526315789474
0.0
0.0222222222222
0.0
0.0
0.2
0.0434782608696
0.3125
0.0833333333333
0.173913043478
0.0212765957447
0.047619047619
0.0769230769231
0.08
0.0
0.0
0.137931034483
0.0833333333333
0.0625
0.0384615384615
0.166666666667
0.0
0.0714285714286
0.2
0.352941176471
0.125
0.0
0.047619047619
0.0
0.0714285714286
0.133333333333
0.0
0.257142857143
0.0
0.0
0.08
0.0
0.0434782608696
0.0434782608696
0.111111111111
0.0588235294118
0.047619047619
0.0
0.0
0.0
0.0454545454545
0.037037037037
0.0
0.0
0.181818181818
0.176470588235
0.25
0.0769230769231
0.111111111111
0.157894736842
0.0
0.0333333333333
0.0666666666667
0.142857142857
0.0454545454545
0.0
0.0952380952381
0.04
0.0
0.0294117647059
0.0666666666667
0.0
0.0333333333333
0.0
0.272727272727
0.142857142857
0.08
0.111111111111
0.0
0.238095238095
0.0714285714286
0.363636363636
0.05
0.0
0.0625
0.1875
0.103448275862
0.0
0.0
0.0
0.1875
0.0434782608696
0.142857142857
0.0833333333333
0.0
0.0652173913043
0.0555555555556
0.466666666667
0.0454545454545
0.0416666666667
0.0909090909091
0.166666666667
0.0
0.0
0.166666666667
0.222222222222
0.111111111111
0.0666666666667
0.0
0.0
0.136363636364
0.0
0.0416666666667
0.0
0.153846153846
0.0
0.0625
0.0
0.0
0.0444444444444
0.153846153846
0.0
0.0434782608696
0.0
0.1
0.2
0.142857142857
0.04
0.0689655172414
0.181818181818
0.0
0.333333333333
0.2
0.0
0.0833333333333
0.0526315789474
0.0
0.0
0.0769230769231
0.0
0.0
0.0
0.0555555555556
0.0454545454545
0.0
0.0
0.333333333333
0.0
0.0625
0.1
0.0
0.36
0.0526315789474
0.15
0.107142857143
0.0769230769231
0.05
0.0434782608696
0.0909090909091
0.166666666667
0.0277777777778
0.0
0.142857142857
0.153846153846
0.0
0.0769230769231
0.0
0.0
0.0952380952381
0.0952380952381
0.157894736842
0.214285714286
0.0540540540541
0.238095238095
0.0967741935484
0.0666666666667
0.0
0.0714285714286
0.0
0.210526315789
0.037037037037
0.05
0.0
0.0
0.0
0.117647058824
0.0
0.0588235294118
0.0
0.0
0.142857142857
0.0
0.133333333333
0.0526315789474
0.133333333333
0.0
0.0952380952381
0.0
0.0
0.0625
0.0
0.0384615384615
0.333333333333
0.125
0.0384615384615
0.0666666666667
0.173913043478
0.2
0.0
0.0
0.0285714285714
0.0
0.05
0.0
0.0833333333333
0.108108108108
0.333333333333
0.0
0.428571428571
0.0434782608696
0.0
0.0909090909091
0.277777777778
0.0555555555556
0.130434782609
0.103448275862
0.142857142857
0.285714285714
0.0
0.0
0.0
0.142857142857
0.0
0.0384615384615
0.0357142857143
0.0
0.0
0.0
0.0
0.157894736842
0.0
0.0769230769231
0.0
0.0689655172414
0.0263157894737
0.0
0.166666666667
0.0869565217391
0.166666666667
0.0
0.137931034483
0.117647058824
0.0344827586207
0.0
0.0
0.03125
0.04
0.0625
0.0
0.266666666667
0.0833333333333
0.0
0.0625
0.115384615385
0.1
0.0
0.0
0.166666666667
0.0625
0.0
0.0
0.0
0.111111111111
0.0869565217391
0.307692307692
0.0
0.0714285714286
0.0
0.0
0.135135135135
0.238095238095
0.227272727273
0.0
0.0357142857143
0.2
0.428571428571
0.0357142857143
0.142857142857
0.0
0.0416666666667
0.0
0.0
0.0
0.2
0.357142857143
0.0
0.166666666667
0.105263157895
0.0
0.0416666666667
0.0909090909091
0.03125
0.0714285714286
0.4
0.166666666667
0.0
0.0
0.0
0.1
0.0
0.25
0.0769230769231
0.153846153846
0.0
0.15
0.0322580645161
0.0
0.0681818181818
0.166666666667
0.0
0.176470588235
0.1
0.04
0.153846153846
0.235294117647
0.0384615384615
0.105263157895
0.0952380952381
0.05
0.0
0.0
0.0277777777778
0.0555555555556
0.0
0.0208333333333
0.0217391304348
0.0
0.172413793103
0.0
0.125
0.0714285714286
0.0
0.05
0.15
0.0
0.12
0.0571428571429
0.0
0.0
0.133333333333
0.0
0.133333333333
0.0
0.25
0.235294117647
0.0869565217391
0.2
0.0
0.0
0.0571428571429
0.2
0.0
0.037037037037
0.178571428571
0.105263157895
0.173913043478
0.0
0.142857142857
0.210526315789
0.0
0.0
0.0909090909091
0.0357142857143
0.0
0.125
0.0384615384615
0.05
0.0666666666667
0.0
0.047619047619
0.0
0.0434782608696
0.0416666666667
0.0
0.0
0.0
0.0833333333333
0.0
0.0
0.0
0.0833333333333
0.0555555555556
0.0
0.0
0.136363636364
0.125
0.0
0.153846153846
0.0714285714286
0.153846153846
0.0
0.103448275862
0.166666666667
0.0
0.133333333333
0.2
0.0
0.0
0.0
0.0277777777778
0.0416666666667
0.0
0.181818181818
0.0
0.0
0.111111111111
0.0
0.0
0.1
0.0869565217391
0.0357142857143
0.0
0.2
0.117647058824
0.0
0.0
0.05
0.0
0.190476190476
0.0833333333333
0.0666666666667
0.0
0.125
0.166666666667
0.037037037037
0.0769230769231
0.411764705882
0.0
0.466666666667
0.0952380952381
0.0
0.0
0.0833333333333
0.05
0.08
0.05
0.0645161290323
0.0
0.0416666666667
0.0
0.0625
0.0
0.0625
0.0
0.0294117647059
0.0
0.0526315789474
0.0
0.0
0.2
0.111111111111
0.0
0.0833333333333
0.0
0.0909090909091
0.15
0.0
0.142857142857
0.0
0.0434782608696
0.0434782608696
0.0
0.428571428571
0.0967741935484
0.176470588235
0.0769230769231
0.0588235294118
0.0588235294118
0.125
0.0
0.0588235294118
0.0357142857143
0.0416666666667
0.0555555555556
0.0666666666667
0.0
0.0
0.0
0.125
0.111111111111
0.0
0.0689655172414
0.0357142857143
0.0
0.136363636364
0.0
0.153846153846
0.0
0.208333333333
0.0588235294118
0.0
0.0454545454545
0.0
0.0
0.0416666666667
0.0384615384615
0.142857142857
0.266666666667
0.0
0.384615384615
0.0
0.0
0.0
0.0
0.0
0.08
0.238095238095
0.0666666666667
0.0
0.0
0.0
0.0
0.0740740740741
0.0
0.0
0.0384615384615
0.178571428571
0.0
0.0
0.05
0.148148148148
0.421052631579
0.0454545454545
0.0
0.133333333333
0.0625
0.0454545454545
0.0645161290323
0.0
0.0454545454545
0.136363636364
0.181818181818
0.0333333333333
0.0
0.0333333333333
0.0
0.0
0.0
0.0322580645161
0.0
0.0
0.0526315789474
0.222222222222
0.0
0.0
0.16
0.133333333333
0.0
0.0
0.0
0.1
0.0666666666667
0.0666666666667
0.0
0.0384615384615
0.0
0.04
0.0512820512821
0.0714285714286
0.0
0.0
0.0833333333333
0.117647058824
0.1
0.0769230769231
0.0
0.0454545454545
0.0
0.0
0.0
0.238095238095
0.0
0.0909090909091
0.0
0.0
0.103448275862
0.0
0.0
0.0
0.0769230769231
0.0344827586207
0.04
0.0
0.0833333333333
0.166666666667
0.0
0.037037037037
0.157894736842
0.0
0.153846153846
0.0769230769231
0.114285714286
0.25
0.0
0.0
0.1
0.142857142857
0.1875
0.0
0.263157894737
0.210526315789
0.233333333333
0.176470588235
0.0
0.0
0.04
0.1875
0.117647058824
0.0555555555556
0.117647058824
0.0952380952381
0.0
0.153846153846
0.0
0.111111111111
0.0833333333333
0.0
0.1
0.157894736842
0.0512820512821
0.0
0.12
0.0
0.0384615384615
0.03125
0.0222222222222
0.125
0.2
0.2
0.0
0.0
0.04
0.0555555555556
0.0
0.0322580645161
0.157894736842
0.136363636364
0.0
0.25
0.0277777777778
0.0
0.0
0.0
0.263157894737
0.0769230769231
0.0
0.103448275862
0.0
0.05
0.190476190476
0.0526315789474
0.0606060606061
0.0
0.0434782608696
0.0833333333333
0.0
0.0
0.047619047619
0.0
0.0
0.0
0.0434782608696
0.0
0.181818181818
0.0
0.0645161290323
0.111111111111
0.0555555555556
0.0
0.0769230769231
0.0
0.0
0.176470588235
0.0
0.2
0.0
0.0434782608696
0.0
0.166666666667
0.125
0.2
0.0606060606061
0.0
0.0
0.176470588235
0.0588235294118
0.190476190476
0.0
0.105263157895
0.117647058824
0.0
0.153846153846
0.111111111111
0.142857142857
0.1875
0.0
0.0
0.5
0.0
0.0
0.105263157895
0.0
0.272727272727
0.0
0.0909090909091
0.0
0.111111111111
0.0555555555556
0.0
0.0588235294118
0.0
0.0
0.0
0.291666666667
0.111111111111
0.0555555555556
0.103448275862
0.0
0.0
0.3
0.0833333333333
0.0
0.181818181818
0.0
0.214285714286
0.0
0.285714285714
0.1
0.1
0.133333333333
0.0
0.0
0.08
0.3
