0.115384615385
0.103448275862
0.0
0.142857142857
0.16
0.0
0.0
0.0
0.0588235294118
0.0
0.105263157895
0.411764705882
0.352941176471
0.0833333333333
0.0
0.0
0.272727272727
0.111111111111
0.0833333333333
0.105263157895
0.103448275862
0.214285714286
0.0
0.0625
0.121212121212
0.0
0.375
0.0
0.0
0.0588235294118
0.217391304348
0.0909090909091
0.130434782609
0.0294117647059
0.111111111111
0.0869565217391
0.0
0.0
0.285714285714
0.0
0.466666666667
0.0
0.15
0.428571428571
0.117647058824
0.0
0.0
0.0625
0.0384615384615
0.111111111111
0.0
0.166666666667
0.0666666666667
0.0
0.0540540540541
0.0
0.0
0.0
0.0666666666667
0.0
0.0
0.263157894737
0.0909090909091
0.08
0.125
0.0714285714286
0.0
0.0555555555556
0.128205128205
0.0
0.0769230769231
0.027027027027
0.107142857143
0.0
0.0
0.0
0.0967741935484
0.0
0.0714285714286
0.0
0.0666666666667
0.0555555555556
0.0555555555556
0.0
0.157894736842
0.0526315789474
0.0625
0.2
0.153846153846
0.0384615384615
0.157894736842
0.133333333333
0.0869565217391
0.125
0.0
0.0714285714286
0.166666666667
0.0
0.0
0.0
0.210526315789
0.0588235294118
0.0
0.285714285714
0.222222222222
0.0
0.075
0.153846153846
0.0357142857143
0.0
0.15
0.0
0.0
0.0
0.0909090909091
0.666666666667
0.277777777778
0.0769230769231
0.0
0.0
0.0714285714286
0.428571428571
0.210526315789
0.107142857143
0.0
0.08
0.0
0.0
0.030303030303
0.0434782608696
0.571428571429
0.117647058824
0.1
0.0
0.0
0.0
0.0555555555556
0.2
0.111111111111
0.375
0.227272727273
0.0
0.15
0.0
0.0
0.115384615385
0.153846153846
0.0666666666667
0.0344827586207
0.0
0.0
0.5
0.0
0.272727272727
0.142857142857
0.1
0.030303030303
0.0
0.217391304348
0.0697674418605
0.0555555555556
0.133333333333
0.230769230769
0.133333333333
0.0
0.125
0.142857142857
0.1
0.208333333333
0.0
0.0416666666667
0.4
0.0
0.0
0.0
0.0
0.25
0.333333333333
0.114285714286
0.0769230769231
0.0
0.1875
0.2
0.111111111111
0.0
0.105263157895
0.0
0.0
0.0
0.214285714286
0.0555555555556
0.0
0.0869565217391
0.0344827586207
0.125
0.0
0.5
0.181818181818
0.166666666667
0.0714285714286
0.027027027027
0.0
0.025
0.454545454545
0.0769230769231
0.210526315789
0.0714285714286
0.0
0.0
0.357142857143
0.0
0.0833333333333
0.0909090909091
0.25
0.0740740740741
0.0
0.0
0.0
0.0
0.0384615384615
0.115384615385
0.0
0.0
0.0769230769231
0.0
0.166666666667
0.0
0.0740740740741
0.333333333333
0.0263157894737
0.0322580645161
0.0909090909091
0.0
0.0
0.0625
0.0
0.0
0.0714285714286
0.173913043478
0.192307692308
0.117647058824
0.047619047619
0.0769230769231
0.0384615384615
0.176470588235
0.444444444444
0.222222222222
0.0952380952381
0.117647058824
0.176470588235
0.0
0.0588235294118
0.25
0.09375
0.272727272727
0.0
0.0
0.142857142857
0.2
0.25
0.0
0.0
0.214285714286
0.0222222222222
0.230769230769
0.0
0.4
0.0
0.125
0.0
0.0869565217391
0.0425531914894
0.0952380952381
0.153846153846
0.04
0.0
0.111111111111
0.275862068966
0.0
0.09375
0.0384615384615
0.0833333333333
0.111111111111
0.142857142857
0.0666666666667
0.0
0.4375
0.0
0.0952380952381
0.04
0.0
0.333333333333
0.173913043478
0.171428571429
0.111111111111
0.0
0.0
0.0555555555556
0.130434782609
0.0869565217391
0.0555555555556
0.0
0.0
0.0
0.2
0.454545454545
0.0
0.0
0.0
0.214285714286
0.272727272727
0.0294117647059
0.0625
0.0
0.0555555555556
0.157894736842
0.0
0.0333333333333
0.133333333333
0.047619047619
0.0909090909091
0.0
0.047619047619
0.12
0.333333333333
0.117647058824
0.0
0.0888888888889
0.0666666666667
0.0
0.136363636364
0.142857142857
0.0
0.222222222222
0.333333333333
0.0
0.285714285714
0.0909090909091
0.2
0.25
0.125
0.0
0.0689655172414
0.0
0.0
0.0344827586207
0.0625
0.0
0.0357142857143
0.0
0.0
0.0869565217391
0.0
0.2
0.0909090909091
0.0
0.0
0.277777777778
0.0
0.1875
0.0
0.333333333333
0.222222222222
0.0666666666667
0.0
0.0
0.0454545454545
0.0
0.0625
0.166666666667
0.230769230769
0.25
0.25
0.0357142857143
0.0
0.0
0.153846153846
0.0555555555556
0.0869565217391
0.0
0.0
0.0
0.0714285714286
0.08
0.206896551724
0.0909090909091
0.0
0.388888888889
0.2
0.0
0.0
0.0
0.0
0.0
0.307692307692
0.0
0.0769230769231
0.6
0.0
0.0
0.0
0.0
0.0
0.0
0.125
0.2
0.129032258065
0.0
0.0
0.0
0.142857142857
0.0769230769231
0.05
0.0434782608696
0.0909090909091
0.166666666667
0.0277777777778
0.0
0.0952380952381
0.230769230769
0.0357142857143
0.230769230769
0.181818181818
0.166666666667
0.0
0.0
0.0526315789474
0.142857142857
0.0
0.047619047619
0.0322580645161
0.0666666666667
0.0
0.0714285714286
0.214285714286
0.0526315789474
0.0740740740741
0.0
0.307692307692
0.0952380952381
0.0909090909091
0.0588235294118
0.0714285714286
0.117647058824
0.142857142857
0.333333333333
0.0
0.0
0.133333333333
0.0
0.0
0.0
0.047619047619
0.0
0.0
0.0625
0.0
0.0
0.25
0.0625
0.0
0.133333333333
0.0
0.1
0.0
0.0
0.0857142857143
0.272727272727
0.25
0.0
0.0416666666667
0.189189189189
0.0
0.0
0.0
0.130434782609
0.0
0.0
0.0
0.111111111111
0.304347826087
0.0344827586207
0.047619047619
0.214285714286
0.0
0.0769230769231
0.0
0.142857142857
0.0
0.0384615384615
0.0714285714286
0.0909090909091
0.12
0.285714285714
0.0
0.157894736842
0.375
0.0769230769231
0.2
0.0689655172414
0.0
0.0
0.333333333333
0.0434782608696
0.25
0.0
0.206896551724
0.0588235294118
0.0689655172414
0.142857142857
0.0
0.0
0.16
0.0
0.0
0.0666666666667
0.0833333333333
0.0
0.0
0.0769230769231
0.133333333333
0.0454545454545
0.0384615384615
0.0833333333333
0.0625
0.2
0.0
0.153846153846
0.166666666667
0.0869565217391
0.0
0.0
0.0714285714286
0.0
0.0
0.027027027027
0.238095238095
0.136363636364
0.05
0.107142857143
0.0
0.285714285714
0.214285714286
0.0
0.0588235294118
0.0416666666667
0.0434782608696
0.0
0.0
0.0
0.142857142857
0.0
0.0555555555556
0.105263157895
0.125
0.125
0.0
0.09375
0.047619047619
0.2
0.0
0.142857142857
0.047619047619
0.4
0.0
0.0
0.0
0.0769230769231
0.0
0.0
0.1
0.0645161290323
0.0666666666667
0.0454545454545
0.25
0.0
0.0588235294118
0.1
0.24
0.0
0.0588235294118
0.115384615385
0.0
0.047619047619
0.25
0.294117647059
0.0454545454545
0.111111111111
0.0
0.0
0.0416666666667
0.0217391304348
0.0
0.137931034483
0.0909090909091
0.0833333333333
0.285714285714
0.555555555556
0.0
0.05
0.157894736842
0.16
0.0
0.0
0.0
0.0666666666667
0.0666666666667
0.0
0.0
0.166666666667
0.117647058824
0.0434782608696
0.0
0.0
0.0
0.0
0.05
0.0714285714286
0.037037037037
0.214285714286
0.157894736842
0.0434782608696
0.1
0.321428571429
0.105263157895
0.0
0.0
0.181818181818
0.178571428571
0.0
0.208333333333
0.153846153846
0.0
0.133333333333
0.0232558139535
0.0
0.285714285714
0.0434782608696
0.0
0.0
0.04
0.0625
0.166666666667
0.307692307692
0.0
0.0
0.111111111111
0.333333333333
0.304347826087
0.0
0.0454545454545
0.0625
0.030303030303
0.0769230769231
0.0
0.0769230769231
0.0833333333333
0.172413793103
0.166666666667
0.0
0.0
0.1
0.0833333333333
0.0
0.444444444444
0.0555555555556
0.0833333333333
0.2
0.0909090909091
0.0769230769231
0.0
0.0
0.333333333333
0.125
0.4
0.0434782608696
0.107142857143
0.0769230769231
0.1
0.352941176471
0.0
0.2
0.05
0.181818181818
0.0
0.166666666667
0.266666666667
0.0769230769231
0.0
0.0
0.0740740740741
0.230769230769
0.352941176471
0.0555555555556
0.2
0.0
0.0588235294118
0.0
0.0
0.05
0.04
0.15
0.129032258065
0.0666666666667
0.0
0.0526315789474
0.0625
0.25
0.15625
0.0
0.0588235294118
0.047619047619
0.0
0.181818181818
0.0
0.2
0.0
0.0833333333333
0.0
0.04
0.318181818182
0.1
0.0
0.0
0.0
0.217391304348
0.0
0.0
0.214285714286
0.193548387097
0.0
0.0769230769231
0.0
0.470588235294
0.0625
0.0625
0.0
0.0357142857143
0.0416666666667
0.0555555555556
0.0
0.2
0.0
0.0
0.125
0.0555555555556
0.238095238095
0.0
0.0357142857143
0.030303030303
0.0454545454545
0.0
0.230769230769
0.142857142857
0.0833333333333
0.235294117647
0.4
0.0909090909091
0.166666666667
0.030303030303
0.0833333333333
0.230769230769
0.0
0.133333333333
0.0
0.230769230769
0.0
0.0526315789474
0.037037037037
0.0
0.0
0.16
0.047619047619
0.133333333333
0.0
0.0740740740741
0.0833333333333
0.15625
0.037037037037
0.0
0.0
0.115384615385
0.0
0.222222222222
0.0
0.025
0.0740740740741
0.157894736842
0.0909090909091
0.259259259259
0.0
0.0625
0.0
0.0
0.0
0.318181818182
0.318181818182
0.0454545454545
0.0333333333333
0.0
0.1
0.111111111111
0.0
0.0833333333333
0.0967741935484
0.0
0.0
0.210526315789
0.259259259259
0.0
0.0
0.12
0.0
0.375
0.0263157894737
0.142857142857
0.1
0.0666666666667
0.0666666666667
0.0
0.0
0.166666666667
0.16
0.128205128205
0.0714285714286
0.2
0.0
0.0
0.0588235294118
0.0
0.307692307692
0.2
0.0
0.363636363636
0.0
0.142857142857
0.285714285714
0.0
0.0
0.0
0.0
0.0689655172414
0.157894736842
0.0
0.117647058824
0.0
0.0
0.12
0.0555555555556
0.0
0.277777777778
0.277777777778
0.0740740740741
0.210526315789
0.0
0.0769230769231
0.153846153846
0.0571428571429
0.125
0.0
0.0
0.05
0.142857142857
0.0
0.0
0.210526315789
0.0
0.0333333333333
0.0588235294118
0.0
0.0
0.24
0.125
0.0588235294118
0.0277777777778
0.235294117647
0.142857142857
0.117647058824
0.153846153846
0.0
0.333333333333
0.208333333333
0.0
0.2
0.157894736842
0.025641025641
0.0
0.04
0.0
0.384615384615
0.0625
0.0888888888889
0.25
0.2
0.1
0.2
0.214285714286
0.12
0.166666666667
0.04
0.0967741935484
0.0
0.0454545454545
0.025641025641
0.416666666667
0.0
0.0
0.0
0.0
0.0526315789474
0.230769230769
0.0
0.206896551724
0.0588235294118
0.05
0.0952380952381
0.210526315789
0.0
0.0
0.0869565217391
0.25
0.0
0.037037037037
0.142857142857
0.0
0.0
0.0
0.0
0.0
0.0
0.2
0.0
0.111111111111
0.166666666667
0.0
0.0
0.0
0.05
0.0588235294118
0.0
0.15
0.0
0.0434782608696
0.0
0.333333333333
0.0
0.333333333333
0.0606060606061
0.0434782608696
0.0
0.0588235294118
0.0588235294118
0.333333333333
0.0
0.0526315789474
0.176470588235
0.0
0.0
0.0
0.0714285714286
0.0
0.0
0.0
0.0
0.0
0.0
0.0
0.0
0.0909090909091
0.0869565217391
0.0
0.571428571429
0.222222222222
0.111111111111
0.0
0.176470588235
0.153846153846
0.0
0.0
0.125
0.222222222222
0.0
0.103448275862
0.25
0.0
0.0
0.0416666666667
0.0
0.0909090909091
0.181818181818
0.142857142857
0.0
0.0
0.1
0.1
0.0
0.0
0.1
0.12
0.2
