0.0769230769231
0.0344827586207
0.142857142857
0.428571428571
0.2
0.176470588235
0.235294117647
0.157894736842
0.352941176471
0.0666666666667
0.210526315789
0.117647058824
0.764705882353
0.0833333333333
0.727272727273
0.0
0.727272727273
0.611111111111
0.0833333333333
0.0
0.379310344828
0.214285714286
0.555555555556
0.25
0.30303030303
0.461538461538
0.5
0.636363636364
0.375
0.588235294118
0.217391304348
0.0909090909091
0.391304347826
0.0294117647059
0.222222222222
0.260869565217
0.185185185185
0.0434782608696
0.0
0.461538461538
0.2
0.117647058824
0.3
0.285714285714
0.529411764706
0.545454545455
0.285714285714
0.1875
0.0384615384615
0.111111111111
0.6
0.611111111111
0.0
0.0909090909091
0.0810810810811
0.111111111111
0.0555555555556
0.0625
0.1
0.030303030303
0.111111111111
0.368421052632
0.181818181818
0.36
0.291666666667
0.25
0.368421052632
0.222222222222
0.179487179487
0.227272727273
0.538461538462
0.162162162162
0.25
0.230769230769
0.666666666667
0.238095238095
0.0322580645161
0.0714285714286
0.25
0.133333333333
0.466666666667
0.0555555555556
0.388888888889
0.357142857143
0.578947368421
0.210526315789
0.1875
0.5
0.538461538462
0.0769230769231
0.263157894737
0.2
0.434782608696
0.5625
0.107142857143
0.142857142857
0.25
0.166666666667
0.5
0.363636363636
0.210526315789
0.147058823529
0.121212121212
0.214285714286
0.222222222222
0.166666666667
0.025
0.153846153846
0.0714285714286
0.0714285714286
0.05
0.0
0.238095238095
0.0
0.363636363636
0.666666666667
0.111111111111
0.0384615384615
0.0588235294118
0.0
0.785714285714
0.333333333333
0.263157894737
0.642857142857
0.0
0.08
0.346153846154
0.157894736842
0.212121212121
0.478260869565
0.0
0.294117647059
0.4
0.466666666667
0.03125
0.0
0.166666666667
0.4
0.277777777778
0.3125
0.318181818182
0.04
0.1
0.25
0.153846153846
0.346153846154
0.615384615385
0.2
0.103448275862
0.4375
0.222222222222
0.666666666667
0.136363636364
0.363636363636
0.0714285714286
0.5
0.030303030303
0.368421052632
0.217391304348
0.093023255814
0.111111111111
0.233333333333
0.230769230769
0.4
0.190476190476
0.5
0.714285714286
0.25
0.541666666667
0.142857142857
0.291666666667
0.2
0.153846153846
0.0869565217391
0.0666666666667
0.454545454545
0.55
0.416666666667
0.142857142857
0.307692307692
0.272727272727
0.25
0.2
0.777777777778
0.0
0.263157894737
0.666666666667
0.0666666666667
0.208333333333
0.785714285714
0.111111111111
0.25
0.0869565217391
0.379310344828
0.166666666667
0.0
0.25
0.181818181818
0.555555555556
0.0714285714286
0.0
0.2
0.15
0.454545454545
0.538461538462
0.368421052632
0.0714285714286
0.428571428571
0.25
0.357142857143
0.269230769231
0.166666666667
0.0909090909091
0.0833333333333
0.0740740740741
0.277777777778
0.315789473684
0.411764705882
0.583333333333
0.192307692308
0.307692307692
0.0625
0.611111111111
0.461538461538
0.12
0.666666666667
0.217391304348
0.148148148148
0.380952380952
0.131578947368
0.0967741935484
0.0909090909091
0.4
0.0
0.125
0.0434782608696
0.5
0.392857142857
0.130434782609
0.192307692308
0.117647058824
0.0952380952381
0.115384615385
0.230769230769
0.294117647059
0.222222222222
0.333333333333
0.666666666667
0.705882352941
0.529411764706
0.0689655172414
0.647058823529
0.166666666667
0.09375
0.363636363636
0.368421052632
0.32
0.0357142857143
0.15
0.375
0.5
0.315789473684
0.285714285714
0.0888888888889
0.0384615384615
0.0689655172414
0.8
0.0434782608696
0.125
0.416666666667
0.217391304348
0.0212765957447
0.238095238095
0.384615384615
0.24
0.3
0.666666666667
0.0689655172414
0.0
0.40625
0.0769230769231
0.291666666667
0.555555555556
0.0714285714286
0.133333333333
0.176470588235
0.875
0.454545454545
0.380952380952
0.28
0.0714285714286
0.0666666666667
0.260869565217
0.342857142857
0.777777777778
0.117647058824
0.16
0.0555555555556
0.347826086957
0.0434782608696
0.222222222222
0.117647058824
0.190476190476
0.2
0.4
0.272727272727
0.318181818182
0.037037037037
0.666666666667
0.5
0.272727272727
0.235294117647
0.375
0.0769230769231
0.388888888889
0.421052631579
0.47619047619
0.0333333333333
0.0666666666667
0.047619047619
0.409090909091
0.0
0.0952380952381
0.24
0.285714285714
0.0588235294118
0.0666666666667
0.0444444444444
0.166666666667
0.181818181818
0.227272727273
0.857142857143
0.08
0.666666666667
0.666666666667
0.142857142857
0.142857142857
0.454545454545
0.5
0.3
0.5625
0.0625
0.103448275862
0.0714285714286
0.0
0.103448275862
0.25
0.130434782609
0.142857142857
0.416666666667
0.6875
0.0869565217391
0.388888888889
0.866666666667
0.636363636364
0.375
0.181818181818
0.444444444444
0.0689655172414
0.4375
0.333333333333
0.666666666667
0.277777777778
0.2
0.133333333333
0.0
0.227272727273
0.25
0.1875
0.583333333333
0.230769230769
0.625
0.625
0.0714285714286
0.25
0.0444444444444
0.0769230769231
0.388888888889
0.260869565217
0.4
0.5
0.533333333333
0.0714285714286
0.04
0.137931034483
0.181818181818
0.0357142857143
0.777777777778
0.4
0.0
0.375
0.157894736842
0.205882352941
0.0666666666667
0.769230769231
0.421052631579
0.538461538462
0.8
0.0555555555556
0.272727272727
0.4375
0.0571428571429
0.333333333333
0.0
0.125
0.75
0.322580645161
0.44
0.263157894737
0.25
0.428571428571
0.230769230769
0.35
0.173913043478
0.454545454545
0.416666666667
0.0555555555556
0.0
0.619047619048
0.615384615385
0.107142857143
0.153846153846
0.181818181818
0.333333333333
0.380952380952
0.666666666667
0.263157894737
0.5
0.135135135135
0.190476190476
0.258064516129
0.133333333333
0.107142857143
0.142857142857
0.785714285714
0.315789473684
0.222222222222
0.35
0.0769230769231
0.0952380952381
0.363636363636
0.470588235294
0.0
0.588235294118
0.571428571429
0.416666666667
0.285714285714
0.45
0.4
0.684210526316
0.266666666667
0.125
0.047619047619
0.444444444444
0.030303030303
0.3125
0.25
0.423076923077
0.25
0.25
0.115384615385
0.4
0.173913043478
0.2
0.157894736842
0.0454545454545
0.342857142857
0.727272727273
0.2
0.0526315789474
0.208333333333
0.27027027027
0.666666666667
0.142857142857
0.571428571429
0.608695652174
0.0833333333333
0.0454545454545
0.0555555555556
0.833333333333
0.565217391304
0.137931034483
0.47619047619
0.285714285714
0.642857142857
0.615384615385
0.0666666666667
0.0714285714286
0.136363636364
0.0384615384615
0.25
0.636363636364
0.12
0.285714285714
0.352941176471
0.684210526316
0.75
0.230769230769
0.3
0.103448275862
0.0526315789474
0.111111111111
0.666666666667
0.0869565217391
0.5
0.181818181818
0.275862068966
0.529411764706
0.172413793103
0.142857142857
0.125
0.0625
0.32
0.125
0.608695652174
0.533333333333
0.0
0.3125
0.3125
0.230769230769
0.133333333333
0.227272727273
0.230769230769
0.125
0.1875
0.2
0.166666666667
0.153846153846
0.611111111111
0.130434782609
0.384615384615
0.333333333333
0.047619047619
0.230769230769
0.545454545455
0.0810810810811
0.47619047619
0.0454545454545
0.4
0.107142857143
0.2
0.428571428571
0.321428571429
0.47619047619
0.117647058824
0.25
0.304347826087
0.0625
0.714285714286
0.266666666667
0.0714285714286
0.0
0.111111111111
0.105263157895
0.75
0.125
0.454545454545
0.125
0.190476190476
0.2
0.222222222222
0.142857142857
0.190476190476
0.6
0.266666666667
0.5
0.45
0.0769230769231
0.153846153846
0.230769230769
0.2
0.225806451613
0.6
0.0454545454545
0.666666666667
0.136363636364
0.470588235294
0.25
0.68
0.384615384615
0.470588235294
0.0
0.263157894737
0.0952380952381
0.05
0.176470588235
0.227272727273
0.166666666667
0.222222222222
0.142857142857
0.145833333333
0.0217391304348
0.111111111111
0.448275862069
0.727272727273
0.0833333333333
0.0714285714286
0.0
0.25
0.5
0.210526315789
0.16
0.114285714286
0.391304347826
0.0
0.133333333333
0.133333333333
0.0666666666667
0.333333333333
0.0833333333333
0.0
0.652173913043
0.6
0.222222222222
0.333333333333
0.114285714286
0.2
0.0714285714286
0.148148148148
0.0714285714286
0.105263157895
0.304347826087
0.4
0.321428571429
0.210526315789
0.0
0.235294117647
0.818181818182
0.285714285714
0.272727272727
0.583333333333
0.230769230769
0.45
0.466666666667
0.093023255814
0.190476190476
0.0
0.0
0.0416666666667
0.294117647059
0.24
0.0625
0.416666666667
0.153846153846
0.285714285714
0.714285714286
0.25
0.222222222222
0.347826086957
0.333333333333
0.0454545454545
0.3125
0.030303030303
0.692307692308
0.357142857143
0.269230769231
0.25
0.448275862069
0.388888888889
0.8
0.133333333333
0.1
0.25
0.217391304348
0.0
0.166666666667
0.1875
0.133333333333
0.272727272727
0.0
0.2
0.111111111111
0.166666666667
0.375
0.6
0.347826086957
0.178571428571
0.0769230769231
0.3
0.176470588235
0.0
0.4
0.3
0.272727272727
0.285714285714
0.25
0.333333333333
0.307692307692
0.375
0.0833333333333
0.37037037037
0.538461538462
0.294117647059
0.722222222222
0.666666666667
0.0952380952381
0.117647058824
0.666666666667
0.0
0.05
0.04
0.65
0.193548387097
0.466666666667
0.0833333333333
0.368421052632
0.5625
0.625
0.34375
0.0833333333333
0.147058823529
0.380952380952
0.157894736842
0.0
0.214285714286
0.733333333333
0.666666666667
0.0
0.25
0.24
0.545454545455
0.55
0.222222222222
0.0
0.714285714286
0.304347826087
0.260869565217
0.0
0.5
0.387096774194
0.117647058824
0.538461538462
0.470588235294
0.117647058824
0.375
0.125
0.411764705882
0.0
0.458333333333
0.333333333333
0.6
0.2
0.461538461538
0.1875
0.5
0.0555555555556
0.285714285714
0.0344827586207
0.0357142857143
0.0606060606061
0.454545454545
0.5
0.615384615385
0.428571428571
0.208333333333
0.264705882353
0.3
0.318181818182
0.666666666667
0.0
0.0833333333333
0.192307692308
0.142857142857
0.733333333333
0.5
0.307692307692
0.428571428571
0.0526315789474
0.0
0.214285714286
0.0434782608696
0.28
0.047619047619
0.2
0.4
0.148148148148
0.0833333333333
0.4375
0.148148148148
0.571428571429
0.08
0.423076923077
0.0357142857143
0.111111111111
0.125
0.05
0.407407407407
0.789473684211
0.318181818182
0.185185185185
0.333333333333
0.4375
0.136363636364
0.41935483871
0.172413793103
0.272727272727
0.227272727273
0.318181818182
0.1
0.0
0.166666666667
0.888888888889
0.25
0.166666666667
0.129032258065
0.214285714286
0.214285714286
0.210526315789
0.666666666667
0.0
0.142857142857
0.24
0.0666666666667
0.25
0.184210526316
0.142857142857
0.5
0.266666666667
0.2
0.625
0.0769230769231
0.166666666667
0.16
0.179487179487
0.642857142857
0.8
0.157894736842
0.166666666667
0.235294117647
0.7
0.0
0.0
0.363636363636
0.0
0.0714285714286
0.142857142857
0.238095238095
0.142857142857
0.545454545455
0.0526315789474
0.0625
0.241379310345
0.368421052632
0.423076923077
0.117647058824
0.538461538462
0.0689655172414
0.16
0.194444444444
0.25
0.722222222222
0.166666666667
0.111111111111
0.210526315789
0.142857142857
0.384615384615
0.025641025641
0.0285714285714
0.5
0.5
0.0
0.15
0.142857142857
0.25
0.615384615385
0.263157894737
0.157894736842
0.3
0.0588235294118
0.0
0.285714285714
0.24
0.09375
0.529411764706
0.0277777777778
0.294117647059
0.238095238095
0.117647058824
0.153846153846
0.6
0.555555555556
0.25
0.192307692308
0.25
0.263157894737
0.025641025641
0.0666666666667
0.08
0.0
0.5
0.125
0.111111111111
0.0
0.3
0.6
0.5
0.5
0.76
0.333333333333
0.04
0.258064516129
0.105263157895
0.181818181818
0.0
0.583333333333
0.138888888889
0.222222222222
0.111111111111
0.0714285714286
0.210526315789
0.461538461538
0.222222222222
0.137931034483
0.294117647059
0.3
0.666666666667
0.105263157895
0.0909090909091
0.142857142857
0.478260869565
0.333333333333
0.217391304348
0.185185185185
0.142857142857
0.0
0.0
0.263157894737
0.0434782608696
0.1
0.181818181818
0.266666666667
0.0645161290323
0.333333333333
0.555555555556
0.133333333333
0.0769230769231
0.428571428571
0.05
0.352941176471
0.142857142857
0.45
0.75
0.260869565217
0.0
0.5
0.375
0.6
0.0606060606061
0.260869565217
0.388888888889
0.529411764706
0.647058823529
0.380952380952
0.571428571429
0.0526315789474
0.411764705882
0.111111111111
0.461538461538
0.277777777778
0.357142857143
0.25
0.0571428571429
0.0416666666667
0.5
0.230769230769
0.583333333333
0.421052631579
0.3125
0.0
0.173913043478
0.454545454545
0.714285714286
0.555555555556
0.0555555555556
0.0
0.0588235294118
0.769230769231
0.0
0.0
0.5
0.333333333333
0.111111111111
0.137931034483
0.125
0.030303030303
0.4
0.291666666667
0.0243902439024
0.272727272727
0.545454545455
0.0714285714286
0.0588235294118
0.142857142857
0.0
0.5
0.366666666667
0.12
0.5
0.12
0.15
