0.0769230769231
0.0689655172414
0.285714285714
0.142857142857
0.0
0.294117647059
0.294117647059
0.157894736842
0.235294117647
0.133333333333
0.263157894737
0.117647058824
0.647058823529
0.25
0.272727272727
0.0
0.818181818182
0.166666666667
0.0833333333333
0.263157894737
0.172413793103
0.5
0.0
0.25
0.151515151515
0.0
0.5
0.272727272727
0.125
0.0588235294118
0.434782608696
0.0
0.521739130435
0.0
0.444444444444
0.130434782609
0.296296296296
0.0434782608696
0.285714285714
0.0769230769231
0.133333333333
0.0
0.4
0.285714285714
0.235294117647
0.818181818182
0.190476190476
0.3125
0.0
0.111111111111
0.333333333333
0.611111111111
0.0
0.0
0.027027027027
0.277777777778
0.166666666667
0.0625
0.0333333333333
0.0
0.333333333333
0.157894736842
0.272727272727
0.2
0.0833333333333
0.285714285714
0.315789473684
0.166666666667
0.0769230769231
0.0454545454545
0.0769230769231
0.0
0.0357142857143
0.153846153846
0.6
0.190476190476
0.129032258065
0.285714285714
0.25
0.0666666666667
0.133333333333
0.277777777778
0.277777777778
0.107142857143
0.157894736842
0.315789473684
0.1875
0.4
0.153846153846
0.0384615384615
0.105263157895
0.4
0.347826086957
0.5625
0.0
0.0714285714286
0.416666666667
0.166666666667
0.1
0.363636363636
0.210526315789
0.0294117647059
0.121212121212
0.0714285714286
0.777777777778
0.333333333333
0.05
0.461538461538
0.0
0.0
0.2
0.0454545454545
0.0952380952381
0.0
0.136363636364
0.333333333333
0.333333333333
0.0769230769231
0.352941176471
0.0285714285714
0.714285714286
0.428571428571
0.157894736842
0.321428571429
0.666666666667
0.28
0.0769230769231
0.0526315789474
0.030303030303
0.0869565217391
0.142857142857
0.176470588235
0.2
0.0666666666667
0.125
0.0
0.166666666667
0.15
0.166666666667
0.25
0.272727272727
0.04
0.15
0.0714285714286
0.192307692308
0.5
0.153846153846
0.333333333333
0.241379310345
0.0
0.111111111111
0.0
0.0454545454545
0.363636363636
0.0
0.6
0.0
0.157894736842
0.260869565217
0.0
0.222222222222
0.0
0.307692307692
0.4
0.047619047619
0.625
0.142857142857
0.3
0.25
0.0714285714286
0.0833333333333
0.6
0.153846153846
0.0434782608696
0.0666666666667
0.0909090909091
0.15
0.5
0.257142857143
0.461538461538
0.0909090909091
0.4375
0.333333333333
0.333333333333
0.0
0.315789473684
0.0
0.0
0.416666666667
0.428571428571
0.0277777777778
0.166666666667
0.347826086957
0.103448275862
0.0833333333333
0.0
0.0833333333333
0.136363636364
0.166666666667
0.0
0.0540540540541
0.0
0.0
0.272727272727
0.0769230769231
0.263157894737
0.0
0.142857142857
0.1
0.357142857143
0.115384615385
0.0833333333333
0.0454545454545
0.0833333333333
0.037037037037
0.111111111111
0.105263157895
0.117647058824
0.25
0.153846153846
0.115384615385
0.0625
0.277777777778
0.153846153846
0.24
0.583333333333
0.130434782609
0.37037037037
0.142857142857
0.105263157895
0.225806451613
0.0
0.2
0.117647058824
0.0
0.304347826087
0.5
0.392857142857
0.0
0.230769230769
0.235294117647
0.190476190476
0.0384615384615
0.0384615384615
0.176470588235
0.444444444444
0.0555555555556
0.714285714286
0.176470588235
0.117647058824
0.0
0.117647058824
0.166666666667
0.25
0.363636363636
0.0526315789474
0.52
0.214285714286
0.25
0.25
0.5
0.263157894737
0.214285714286
0.133333333333
0.230769230769
0.137931034483
0.533333333333
0.0869565217391
0.3125
0.166666666667
0.347826086957
0.0
0.0952380952381
0.0769230769231
0.2
0.0
0.0
0.275862068966
0.0
0.40625
0.0769230769231
0.166666666667
0.666666666667
0.214285714286
0.0
0.352941176471
0.6875
0.0454545454545
0.285714285714
0.2
0.142857142857
0.3
0.217391304348
0.2
0.222222222222
0.0588235294118
0.16
0.0
0.0434782608696
0.260869565217
0.222222222222
0.0
0.047619047619
0.0
0.0
0.272727272727
0.409090909091
0.0740740740741
0.25
0.642857142857
0.363636363636
0.0294117647059
0.25
0.0
0.111111111111
0.315789473684
0.0952380952381
0.0
0.0
0.0952380952381
0.0909090909091
0.0
0.047619047619
0.16
0.142857142857
0.0882352941176
0.133333333333
0.0888888888889
0.0333333333333
0.0
0.318181818182
0.142857142857
0.04
0.555555555556
0.166666666667
0.0952380952381
0.428571428571
0.0
0.7
0.35
0.3125
0.125
0.137931034483
0.0714285714286
0.5
0.103448275862
0.0625
0.173913043478
0.142857142857
0.25
0.1875
0.0869565217391
0.166666666667
0.533333333333
0.409090909091
0.333333333333
0.0
0.666666666667
0.0
0.1875
0.0
0.666666666667
0.222222222222
0.0666666666667
0.0666666666667
0.0
0.181818181818
0.45
0.125
0.166666666667
0.538461538462
0.5
0.5
0.0
0.0
0.0666666666667
0.153846153846
0.166666666667
0.173913043478
0.0
0.5
0.6
0.785714285714
0.16
0.51724137931
0.0606060606061
0.0714285714286
0.611111111111
0.4
0.0
0.125
0.157894736842
0.235294117647
0.4
0.384615384615
0.421052631579
0.615384615385
0.4
0.111111111111
0.545454545455
0.0
0.0
0.166666666667
0.444444444444
0.1875
0.45
0.0
0.4
0.0526315789474
0.1
0.107142857143
0.0769230769231
0.25
0.0
0.227272727273
0.416666666667
0.0277777777778
0.0
0.47619047619
0.692307692308
0.0714285714286
0.461538461538
0.0909090909091
0.583333333333
0.190476190476
0.285714285714
0.526315789474
0.0
0.0540540540541
0.285714285714
0.193548387097
0.333333333333
0.0357142857143
0.357142857143
0.5
0.210526315789
0.0
0.2
0.153846153846
0.142857142857
0.454545454545
0.470588235294
0.142857142857
0.352941176471
0.0
0.583333333333
0.428571428571
0.05
0.4
0.368421052632
0.133333333333
0.125
0.142857142857
0.333333333333
0.0
0.09375
0.0
0.307692307692
0.666666666667
0.15625
0.0384615384615
0.4
0.217391304348
0.3
0.157894736842
0.181818181818
0.371428571429
0.454545454545
0.1
0.157894736842
0.166666666667
0.351351351351
0.5
0.142857142857
0.571428571429
0.260869565217
0.0
0.0
0.277777777778
0.277777777778
0.434782608696
0.275862068966
0.333333333333
0.5
0.5
0.384615384615
0.0
0.0714285714286
0.0
0.0
0.25
0.818181818182
0.16
0.571428571429
0.529411764706
0.789473684211
0.5
0.692307692308
0.2
0.206896551724
0.0
0.444444444444
0.333333333333
0.478260869565
0.5
0.0
0.241379310345
0.529411764706
0.0
0.285714285714
0.0625
0.0
0.16
0.0
0.130434782609
0.466666666667
0.25
0.1875
0.3125
0.269230769231
0.3
0.0
0.0384615384615
0.0833333333333
0.0625
0.6
0.0
0.0769230769231
0.388888888889
0.0
0.384615384615
0.666666666667
0.0714285714286
0.0
0.0
0.0
0.380952380952
0.0454545454545
0.3
0.25
0.0
0.142857142857
0.142857142857
0.238095238095
0.117647058824
0.0833333333333
0.217391304348
0.0
0.0
0.0666666666667
0.214285714286
0.0
0.0555555555556
0.105263157895
0.125
0.166666666667
0.0909090909091
0.03125
0.0238095238095
0.6
0.333333333333
0.857142857143
0.0952380952381
0.2
0.0666666666667
0.0
0.2
0.461538461538
0.307692307692
0.0
0.3
0.225806451613
0.466666666667
0.159090909091
0.416666666667
0.0681818181818
0.647058823529
0.25
0.4
0.0
0.176470588235
0.269230769231
0.0526315789474
0.333333333333
0.1
0.235294117647
0.136363636364
0.0833333333333
0.111111111111
0.142857142857
0.0208333333333
0.0652173913043
0.222222222222
0.103448275862
0.318181818182
0.166666666667
0.357142857143
0.333333333333
0.05
0.45
0.210526315789
0.24
0.0
0.0869565217391
0.0714285714286
0.266666666667
0.0666666666667
0.133333333333
0.0
0.25
0.352941176471
0.173913043478
0.1
0.0555555555556
0.333333333333
0.0571428571429
0.5
0.214285714286
0.148148148148
0.178571428571
0.157894736842
0.434782608696
0.8
0.107142857143
0.421052631579
0.0
0.117647058824
0.409090909091
0.357142857143
0.0
0.166666666667
0.346153846154
0.5
0.266666666667
0.116279069767
0.0
0.571428571429
0.0434782608696
0.0416666666667
0.117647058824
0.28
0.0
0.583333333333
0.384615384615
0.142857142857
0.357142857143
0.0
0.555555555556
0.434782608696
0.166666666667
0.0909090909091
0.0
0.0606060606061
0.230769230769
0.0
0.384615384615
0.208333333333
0.172413793103
0.222222222222
0.4
0.0
0.4
0.166666666667
0.130434782609
0.0
0.111111111111
0.0833333333333
0.0
0.0909090909091
0.153846153846
0.3
0.555555555556
0.333333333333
0.375
0.5
0.304347826087
0.178571428571
0.0
0.5
0.0588235294118
0.0
0.6
0.1
0.363636363636
0.190476190476
0.166666666667
0.133333333333
0.0
0.25
0.416666666667
0.148148148148
0.615384615385
0.529411764706
0.166666666667
0.6
0.238095238095
0.235294117647
0.333333333333
0.0
0.15
0.2
0.35
0.0645161290323
0.0
0.333333333333
0.315789473684
0.3125
0.125
0.34375
0.0277777777778
0.0294117647059
0.142857142857
0.0
0.0
0.0
0.466666666667
0.666666666667
0.0
0.0833333333333
0.08
0.363636363636
0.4
0.166666666667
0.0
0.0714285714286
0.0
0.0434782608696
0.0625
0.428571428571
0.161290322581
0.0588235294118
0.692307692308
0.235294117647
0.411764705882
0.375
0.0625
0.411764705882
0.0
0.208333333333
0.0555555555556
0.133333333333
0.4
0.153846153846
0.375
0.5
0.333333333333
0.380952380952
0.103448275862
0.0
0.0909090909091
0.136363636364
0.166666666667
0.384615384615
0.0
0.208333333333
0.0588235294118
0.2
0.636363636364
0.0
0.0909090909091
0.291666666667
0.0
0.142857142857
0.533333333333
0.5
0.846153846154
0.428571428571
0.105263157895
0.0
0.0714285714286
0.0434782608696
0.28
0.0952380952381
0.4
0.0
0.0740740740741
0.166666666667
0.28125
0.037037037037
0.642857142857
0.04
0.153846153846
0.0
0.333333333333
0.0625
0.075
0.259259259259
0.473684210526
0.181818181818
0.259259259259
0.0666666666667
0.125
0.0454545454545
0.0322580645161
0.0
0.454545454545
0.318181818182
0.0454545454545
0.233333333333
0.0
0.0666666666667
0.777777777778
0.1
0.666666666667
0.225806451613
0.0714285714286
0.0
0.0
0.444444444444
0.0
0.0357142857143
0.36
0.0
0.25
0.0789473684211
0.0
0.45
0.4
0.266666666667
0.0
0.0
0.277777777778
0.2
0.179487179487
0.214285714286
0.6
0.0
0.166666666667
0.352941176471
0.4
0.230769230769
0.0
0.0454545454545
0.0
0.0
0.5
0.47619047619
0.0714285714286
0.181818181818
0.0
0.0
0.206896551724
0.368421052632
0.0384615384615
0.117647058824
0.538461538462
0.241379310345
0.08
0.166666666667
0.0
0.333333333333
0.0555555555556
0.111111111111
0.473684210526
0.238095238095
0.307692307692
0.0
0.0
0.5625
0.0
0.0
0.025
0.571428571429
0.0625
0.384615384615
0.315789473684
0.0526315789474
0.133333333333
0.294117647059
0.0588235294118
0.285714285714
0.24
0.1875
0.235294117647
0.0277777777778
0.117647058824
0.238095238095
0.294117647059
0.461538461538
0.6
0.777777777778
0.0416666666667
0.0
0.45
0.105263157895
0.0512820512821
0.0
0.16
0.0
0.692307692308
0.03125
0.0222222222222
0.0625
0.4
0.2
0.1
0.285714285714
0.36
0.611111111111
0.12
0.0322580645161
0.0526315789474
0.0909090909091
0.0769230769231
0.5
0.0555555555556
0.111111111111
0.0
0.0714285714286
0.263157894737
0.0769230769231
0.0555555555556
0.172413793103
0.0588235294118
0.15
0.333333333333
0.210526315789
0.181818181818
0.0714285714286
0.130434782609
0.583333333333
0.0
0.148148148148
0.047619047619
0.0416666666667
0.0
0.0526315789474
0.130434782609
0.0
0.272727272727
0.333333333333
0.0322580645161
0.333333333333
0.166666666667
0.133333333333
0.192307692308
0.285714285714
0.1
0.176470588235
0.142857142857
0.15
0.0625
0.347826086957
0.0
0.583333333333
0.25
0.666666666667
0.0606060606061
0.260869565217
0.333333333333
0.352941176471
0.529411764706
0.380952380952
0.0714285714286
0.0526315789474
0.470588235294
0.333333333333
0.153846153846
0.0555555555556
0.214285714286
0.125
0.0571428571429
0.125
0.375
0.0
0.0833333333333
0.105263157895
0.0
0.272727272727
0.0
0.545454545455
0.571428571429
0.333333333333
0.5
0.0294117647059
0.352941176471
0.153846153846
0.0
0.0
0.208333333333
0.388888888889
0.222222222222
0.0344827586207
0.75
0.0606060606061
0.1
0.125
0.0
0.0
0.727272727273
0.0714285714286
0.0
0.5
0.1
0.0
0.1
0.2
0.2
0.12
0.1
