0.0769230769231
0.206896551724
0.142857142857
0.047619047619
0.08
0.117647058824
0.235294117647
0.210526315789
0.176470588235
0.0666666666667
0.105263157895
0.176470588235
0.176470588235
0.166666666667
0.181818181818
0.357142857143
0.363636363636
0.0555555555556
0.166666666667
0.105263157895
0.137931034483
0.142857142857
0.444444444444
0.25
0.030303030303
0.0
0.25
0.545454545455
0.25
0.470588235294
0.0869565217391
0.0909090909091
0.260869565217
0.0588235294118
0.333333333333
0.0
0.0740740740741
0.130434782609
0.0
0.0
0.266666666667
0.235294117647
0.1
0.285714285714
0.176470588235
0.0909090909091
0.190476190476
0.0625
0.0769230769231
0.111111111111
0.266666666667
0.111111111111
0.133333333333
0.181818181818
0.027027027027
0.0555555555556
0.0
0.25
0.166666666667
0.0606060606061
0.0
0.105263157895
0.181818181818
0.2
0.0416666666667
0.25
0.157894736842
0.111111111111
0.0769230769231
0.272727272727
0.0
0.0
0.178571428571
0.192307692308
0.2
0.0952380952381
0.0645161290323
0.142857142857
0.0357142857143
0.333333333333
0.2
0.222222222222
0.111111111111
0.0714285714286
0.105263157895
0.0
0.375
0.0
0.153846153846
0.153846153846
0.105263157895
0.0
0.260869565217
0.125
0.357142857143
0.142857142857
0.125
0.0416666666667
0.1
0.0
0.105263157895
0.0882352941176
0.0606060606061
0.0714285714286
0.333333333333
0.166666666667
0.025
0.0
0.0
0.214285714286
0.05
0.272727272727
0.047619047619
0.3
0.227272727273
0.333333333333
0.277777777778
0.192307692308
0.176470588235
0.114285714286
0.0714285714286
0.285714285714
0.105263157895
0.285714285714
0.0
0.0
0.0384615384615
0.0526315789474
0.151515151515
0.130434782609
0.0
0.470588235294
0.0
0.266666666667
0.09375
0.0
0.166666666667
0.05
0.0555555555556
0.25
0.0454545454545
0.08
0.3
0.0357142857143
0.346153846154
0.0384615384615
0.0769230769231
0.2
0.103448275862
0.1875
0.166666666667
0.0833333333333
0.0909090909091
0.272727272727
0.142857142857
0.4
0.030303030303
0.421052631579
0.130434782609
0.162790697674
0.333333333333
0.133333333333
0.615384615385
0.2
0.142857142857
0.125
0.285714285714
0.0
0.166666666667
0.642857142857
0.291666666667
0.2
0.0769230769231
0.0869565217391
0.333333333333
0.363636363636
0.45
0.0
0.228571428571
0.384615384615
0.227272727273
0.0625
0.0666666666667
0.111111111111
0.0
0.157894736842
0.222222222222
0.133333333333
0.333333333333
0.285714285714
0.111111111111
0.0833333333333
0.173913043478
0.275862068966
0.166666666667
0.0
0.0833333333333
0.0
0.0
0.0714285714286
0.135135135135
0.133333333333
0.175
0.272727272727
0.0769230769231
0.0526315789474
0.428571428571
0.0714285714286
0.15
0.214285714286
0.115384615385
0.333333333333
0.272727272727
0.0
0.222222222222
0.5
0.105263157895
0.294117647059
0.416666666667
0.153846153846
0.0384615384615
0.125
0.166666666667
0.230769230769
0.08
0.166666666667
0.0434782608696
0.185185185185
0.190476190476
0.0526315789474
0.161290322581
0.181818181818
0.5
0.294117647059
0.125
0.0869565217391
0.375
0.285714285714
0.130434782609
0.230769230769
0.0
0.190476190476
0.230769230769
0.153846153846
0.294117647059
0.0
0.333333333333
0.238095238095
0.176470588235
0.470588235294
0.0
0.0
0.0833333333333
0.0625
0.0909090909091
0.105263157895
0.12
0.0357142857143
0.3
0.125
0.625
0.315789473684
0.142857142857
0.0666666666667
0.153846153846
0.0344827586207
0.2
0.217391304348
0.125
0.166666666667
0.0434782608696
0.106382978723
0.0952380952381
0.307692307692
0.08
0.15
0.111111111111
0.0344827586207
0.0833333333333
0.09375
0.115384615385
0.25
0.333333333333
0.0714285714286
0.133333333333
0.235294117647
0.25
0.227272727273
0.47619047619
0.08
0.214285714286
0.133333333333
0.130434782609
0.114285714286
0.222222222222
0.0588235294118
0.0
0.166666666667
0.0
0.130434782609
0.388888888889
0.117647058824
0.142857142857
0.266666666667
0.0
0.181818181818
0.136363636364
0.185185185185
0.416666666667
0.0
0.0909090909091
0.176470588235
0.4375
0.0769230769231
0.0555555555556
0.368421052632
0.142857142857
0.0666666666667
0.0
0.142857142857
0.0454545454545
0.0909090909091
0.190476190476
0.24
0.190476190476
0.0294117647059
0.2
0.133333333333
0.0666666666667
0.0
0.0
0.142857142857
0.12
0.222222222222
0.416666666667
0.047619047619
0.214285714286
0.363636363636
0.1
0.5
0.25
0.125
0.0
0.0714285714286
0.5
0.103448275862
0.3125
0.304347826087
0.321428571429
0.25
0.3125
0.130434782609
0.222222222222
0.6
0.363636363636
0.166666666667
0.454545454545
0.277777777778
0.0344827586207
0.125
0.333333333333
0.0
0.0
0.0666666666667
0.266666666667
0.0
0.181818181818
0.35
0.145833333333
0.25
0.0769230769231
0.125
0.0
0.0357142857143
0.0625
0.0444444444444
0.307692307692
0.277777777778
0.173913043478
0.0
0.0
0.266666666667
0.285714285714
0.04
0.206896551724
0.121212121212
0.0357142857143
0.0555555555556
0.6
0.181818181818
0.125
0.0526315789474
0.0294117647059
0.2
0.230769230769
0.315789473684
0.0769230769231
0.0
0.166666666667
0.0909090909091
0.3125
0.0
0.333333333333
0.0
0.1875
0.25
0.193548387097
0.2
0.0526315789474
0.3
0.0357142857143
0.307692307692
0.1
0.130434782609
0.181818181818
0.0833333333333
0.111111111111
0.0
0.0952380952381
0.615384615385
0.0357142857143
0.153846153846
0.0909090909091
0.166666666667
0.238095238095
0.142857142857
0.210526315789
0.0714285714286
0.0540540540541
0.285714285714
0.161290322581
0.266666666667
0.0357142857143
0.142857142857
0.285714285714
0.0526315789474
0.0740740740741
0.05
0.0769230769231
0.142857142857
0.181818181818
0.176470588235
0.0
0.294117647059
0.428571428571
0.0833333333333
0.571428571429
0.15
0.0666666666667
0.0526315789474
0.2
0.0
0.190476190476
0.333333333333
0.0
0.125
0.125
0.153846153846
0.0
0.0625
0.0769230769231
0.133333333333
0.130434782609
0.1
0.105263157895
0.0
0.142857142857
0.272727272727
0.35
0.105263157895
0.166666666667
0.162162162162
0.166666666667
0.142857142857
0.142857142857
0.130434782609
0.0277777777778
0.0
0.333333333333
0.222222222222
0.0869565217391
0.172413793103
0.142857142857
0.357142857143
0.428571428571
0.230769230769
0.0666666666667
0.285714285714
0.136363636364
0.0769230769231
0.214285714286
0.181818181818
0.28
0.428571428571
0.294117647059
0.578947368421
0.75
0.307692307692
0.2
0.0344827586207
0.0526315789474
0.0
0.333333333333
0.173913043478
0.25
0.181818181818
0.172413793103
0.0588235294118
0.137931034483
0.285714285714
0.1875
0.03125
0.16
0.0625
0.0869565217391
0.133333333333
0.0833333333333
0.375
0.125
0.153846153846
0.133333333333
0.0909090909091
0.0
0.208333333333
0.0625
0.0
0.333333333333
0.230769230769
0.5
0.0
0.153846153846
0.222222222222
0.0714285714286
0.307692307692
0.181818181818
0.0540540540541
0.52380952381
0.0
0.0
0.0714285714286
0.0
0.428571428571
0.107142857143
0.238095238095
0.0588235294118
0.0833333333333
0.173913043478
0.125
0.285714285714
0.466666666667
0.214285714286
0.153846153846
0.222222222222
0.157894736842
0.375
0.0833333333333
0.272727272727
0.25
0.166666666667
0.4
0.111111111111
0.285714285714
0.238095238095
0.0
0.133333333333
0.05
0.05
0.153846153846
0.153846153846
0.307692307692
0.2
0.129032258065
0.0666666666667
0.113636363636
0.166666666667
0.0
0.0588235294118
0.1
0.12
0.0
0.176470588235
0.0384615384615
0.0526315789474
0.047619047619
0.05
0.0
0.227272727273
0.0277777777778
0.333333333333
0.142857142857
0.104166666667
0.0869565217391
0.111111111111
0.0689655172414
0.272727272727
0.0833333333333
0.142857142857
0.111111111111
0.15
0.0
0.157894736842
0.2
0.0571428571429
0.130434782609
0.142857142857
0.0666666666667
0.133333333333
0.0
0.133333333333
0.0833333333333
0.176470588235
0.173913043478
0.2
0.277777777778
0.166666666667
0.114285714286
0.05
0.0714285714286
0.259259259259
0.178571428571
0.473684210526
0.260869565217
0.4
0.0714285714286
0.0526315789474
0.0
0.0
0.272727272727
0.214285714286
0.0909090909091
0.208333333333
0.192307692308
0.1
0.133333333333
0.139534883721
0.0
0.0
0.130434782609
0.0416666666667
0.235294117647
0.12
0.125
0.0
0.384615384615
0.0714285714286
0.0714285714286
0.0277777777778
0.111111111111
0.391304347826
0.5
0.272727272727
0.0
0.030303030303
0.461538461538
0.285714285714
0.461538461538
0.0833333333333
0.0344827586207
0.0555555555556
0.2
0.0666666666667
0.2
0.25
0.0434782608696
0.111111111111
0.0555555555556
0.104166666667
0.133333333333
0.363636363636
0.0
0.0
0.222222222222
0.0
0.125
0.0
0.217391304348
0.0714285714286
0.153846153846
0.1
0.0
0.04
0.0
0.1
0.0
0.0
0.166666666667
0.2
0.307692307692
0.25
0.0833333333333
0.0
0.0
0.294117647059
0.277777777778
0.0
0.047619047619
0.176470588235
0.333333333333
0.166666666667
0.15
0.28
0.2
0.41935483871
0.266666666667
0.166666666667
0.105263157895
0.0625
0.0
0.125
0.0
0.0588235294118
0.0952380952381
0.0526315789474
0.272727272727
0.0714285714286
0.466666666667
0.555555555556
0.0833333333333
0.25
0.2
0.181818181818
0.15
0.166666666667
0.0
0.285714285714
0.0434782608696
0.130434782609
0.09375
0.214285714286
0.0967741935484
0.235294117647
0.153846153846
0.294117647059
0.176470588235
0.1875
0.3125
0.176470588235
0.0714285714286
0.458333333333
0.333333333333
0.133333333333
0.2
0.461538461538
0.1875
0.1875
0.166666666667
0.285714285714
0.172413793103
0.107142857143
0.242424242424
0.181818181818
0.0
0.0
0.285714285714
0.208333333333
0.0294117647059
0.0
0.409090909091
0.416666666667
0.030303030303
0.0833333333333
0.115384615385
0.285714285714
0.0666666666667
0.5
0.153846153846
0.357142857143
0.210526315789
0.0740740740741
0.214285714286
0.0869565217391
0.24
0.047619047619
0.2
0.0
0.0740740740741
0.416666666667
0.1875
0.148148148148
0.142857142857
0.08
0.115384615385
0.107142857143
0.111111111111
0.125
0.025
0.0740740740741
0.0526315789474
0.0454545454545
0.444444444444
0.333333333333
0.375
0.136363636364
0.258064516129
0.103448275862
0.136363636364
0.318181818182
0.0454545454545
0.366666666667
0.0
0.133333333333
0.111111111111
0.05
0.333333333333
0.0967741935484
0.0714285714286
0.142857142857
0.368421052632
0.37037037037
0.0
0.0
0.08
0.0
0.125
0.105263157895
0.0714285714286
0.1
0.133333333333
0.0666666666667
0.25
0.0384615384615
0.111111111111
0.08
0.0769230769231
0.428571428571
0.1
0.210526315789
0.0833333333333
0.0588235294118
0.3
0.230769230769
0.2
0.136363636364
0.454545454545
0.142857142857
0.428571428571
0.285714285714
0.178571428571
0.272727272727
0.0526315789474
0.125
0.344827586207
0.105263157895
0.461538461538
0.0588235294118
0.0769230769231
0.103448275862
0.08
0.166666666667
0.0
0.166666666667
0.0
0.037037037037
0.263157894737
0.0952380952381
0.0769230769231
0.102564102564
0.114285714286
0.25
0.25
0.0
0.175
0.285714285714
0.0625
0.307692307692
0.0526315789474
0.0
0.1
0.235294117647
0.117647058824
0.214285714286
0.04
0.0625
0.176470588235
0.0555555555556
0.176470588235
0.0952380952381
0.0588235294118
0.307692307692
0.4
0.0
0.125
0.192307692308
0.1
0.0
0.025641025641
0.0666666666667
0.16
0.1875
0.153846153846
0.09375
0.0
0.125
0.0
0.1
0.3
0.357142857143
0.24
0.277777777778
0.12
0.0322580645161
0.315789473684
0.227272727273
0.0769230769231
0.25
0.0277777777778
0.166666666667
0.0
0.285714285714
0.105263157895
0.153846153846
0.222222222222
0.0689655172414
0.117647058824
0.25
0.0952380952381
0.210526315789
0.0
0.357142857143
0.0434782608696
0.25
0.173913043478
0.148148148148
0.047619047619
0.125
0.0
0.105263157895
0.217391304348
0.3
0.181818181818
0.133333333333
0.161290322581
0.0
0.222222222222
0.0666666666667
0.0769230769231
0.214285714286
0.15
0.0588235294118
0.142857142857
0.25
0.3125
0.130434782609
0.0625
0.333333333333
0.125
0.2
0.0606060606061
0.130434782609
0.222222222222
0.0588235294118
0.352941176471
0.0952380952381
0.0714285714286
0.263157894737
0.0588235294118
0.111111111111
0.153846153846
0.444444444444
0.0714285714286
0.25
0.0285714285714
0.166666666667
0.25
0.0
0.25
0.263157894737
0.0625
0.0909090909091
0.0
0.0909090909091
0.142857142857
0.111111111111
0.0555555555556
0.0294117647059
0.294117647059
0.384615384615
0.0322580645161
0.1875
0.25
0.277777777778
0.0555555555556
0.0344827586207
0.125
0.151515151515
0.4
0.166666666667
0.0
0.454545454545
0.181818181818
0.0714285714286
0.176470588235
0.285714285714
0.2
0.0
0.166666666667
0.12
0.1
0.12
0.1
